21161661
21161662
21161670
21161671
21161681
21161682
21161697
21161698
21161702
21161703
21161708
21161709
21161723
21161724
21161730
21161731
21161749
21161750
21161751
21161754
21161755
21161756
21161757
21161773
21161776
21161777
21161780
21161816
21161819
21161824
21161827
21161828
21161831
21161842
21161845
21161888
21161889
21161892
21161897
21161900
21161901
21161904
21161908
21161909
21161913
21161914
21161919
21161920
21161934
21161935
21161938
21161939
21161942
21161943
21161944
21161945
21161949
21161950
21161951
21161955
21161956
21161962
21161963
21161967
21161968
21161971
21161972
21161975
21161976
21161994
21161995
21162001
21162002
21162007
21162008
21162029
21162030
21162045
21162046
21162062
21162063
21162074
21162075
21162083
21162089
21162090
21162091
21162095
21162097
21162101
21162102
21162107
21162108
21162111
21162112
21162115
21162116
21162119
21162120
21162123
21162124
21162135
21162137
21162168
21162173
21162174
21162176
21162205
21162206
21162214
21162220
21162226
21162227
21162240
21162254
21162255
21162258
21162260
21162263
21162286
21162289
21162290
21162306
21162309
21162310
21162319
21162320
21162332
21162335
21162337
21162340
21162341
21162345
21162346
21162349
21162364
21162367
21162380
21162397
21162400
21162403
21162413
21162414
21162417
21162418
21162426
21162427
21162438
21162448
21162449
21162461
21162462
21162463
21162466
21162467
21162469
21162476
21162477
21162481
21162483
21162485
21162486
21162501
21162502
21162510
21162511
21162516
21162517
21162520
21162521
21162528
21162532
21162568
21162571
21162572
21162577
21162579
21162581
21162582
21162585
21162592
21162593
21162601
21162602
21162605
21162606
21162625
21162626
21162629
21162630
21162633
21162634
21162637
21162638
21162641
21162642
21162645
21162646
21162650
21162651
21162654
21162661
21162662
21162665
21162666
21162669
21162670
21162671
21162682
21162684
21162685
21162688
21162725
21162726
21162729
21162730
21162733
21162734
21162738
21162744
21162747
21162748
21162751
21162752
21162753
21162756
21162788
21162791
21162798
21162801
21162811
21162814
21162815
21162818
21162832
21162835
21162836
21162839
21162855
21162856
21162864
21162865
21162873
21162874
21162897
21162898
21162912
21162915
21162928
21162931
21162932
21162934
21162936
21162937
21162940
21162941
21162944
21162969
21162970
21163004
21163023
21163024
21163027
21163029
21163032
21163053
21163056
21163064
21163067
21163070
21163073
21163075
21163077
21163079
21163080
21163083
21163089
21163090
21163093
21163094
21163098
21163099
21163118
21163119
21163137
21163138
21163166
21163167
21163178
21163179
21163180
21163187
21163190
21163191
21163195
21163202
21163203
21163220
21163221
21163224
21163225
21163232
21163233
21163235
21163242
21163244
21163260
21163261
21163265
21163266
21163269
21163270
21163271
21163274
21163292
21163293
21163327
21163328
21163336
21163337
21163340
21163341
21163361
21163362
21163372
21163374
21163376
21163378
21163381
21163382
21163399
21163400
21163413
21163420
21163423
21163424
21163433
21163434
21163445
21163446
21163456
21163457
21163467
21163468
21163472
21163473
21163474
21163481
21163492
21163494
21163508
21163509
21163521
21163522
21163526
21163527
21163546
21163547
21163552
21163553
21163589
21163590
21163593
21163594
21163599
21163600
21163605
21163606
21163693
21163694
21163698
21163699
21163729
21163730
21163744
21163745
21163751
21163752
21186865
21186866
21186876
21186877
21186881
21186882
21186890
21186891
21186898
21186899
21186914
21186915
21186918
21186920
21186932
21186933
21186945
21186946
21186954
21186956
21186968
21186969
21186972
21186973
21186974
21186978
21186979
21186981
21186990
21186991
21187002
21187005
21187010
21187013
21187014
21187020
21187023
21187024
21187033
21187063
21187078
21187079
21187092
21187095
21187106
21187126
21187130
21187436
21187437
21187463
21187465
21187477
21187478
21187494
21187498
21187499
21187501
21187629
21187632
21187651
21187661
21187664
21187670
21187685
21187688
21187694
21187697
21187702
21187706
21187713
21187714
21187718
21187719
21187974
21187980
21187983
21187988
21187991
21187996
21188000
21188013
21188016
21188017
21188020
21188021
21188024
21188031
21188034
21188035
21188038
21188039
21188043
21188048
21188049
21188050
21188056
21188065
21188069
21188074
21188077
21188078
21188081
21188087
21188090
21188096
21188099
21188122
21188130
21188133
21188135
21188136
21188141
21188158
21188159
21188163
21188164
21188167
21188179
21188180
21188185
21188190
21188191
21188194
21188195
21188198
21188199
21188202
21188203
21188206
21188278
21188279
21188282
21188284
21188287
21188288
21188293
21188294
21188310
21188315
21188316
21188317
21188325
21188326
21188330
21188353
21188354
21188355
21188360
21188371
21188373
21188397
21188398
21188406
21188407
21188411
21188412
21188414
21188416
21188419
21188425
21188428
21188433
21188436
21188469
21188470
21188479
21188480
21188483
21188484
21188493
21188495
21188496
21188504
21188506
21188512
21188518
21188519
21188520
21188521
21188528
21188529
21188532
21188533
21188554
21188557
21188559
21188563
21188566
21188576
21188686
21188689
21188696
21188697
21188699
21188701
21188702
21188723
21188726
21188729
21188732
21188738
21188741
21188743
21188746
21188752
21188755
21188756
21188759
21188761
21188764
21188768
21188789
21188792
21188798
21188811
21188814
21188823
21188824
21188827
21188828
21188832
21188833
21188837
21188842
21188843
21188846
21188847
21188850
21188859
21188860
21188861
21188862
21188866
21188870
21188871
21188874
21188875
21188894
21188962
21188963
21188969
21188971
21188972
21188980
21188982
21188991
21188992
21189000
21189001
21189008
21189009
21189012
21189013
21189027
21189030
21189031
21189034
21189046
21189049
21189259
21189260
21189269
21189273
21189289
21189292
21189293
21189296
21189300
21189301
21189304
21189305
21189313
21189314
21189326
21189327
21189330
21189331
21189335
21189336
21189350
21189351
21189352
21189355
21189356
21189368
21189369
21189372
21189374
21189375
21189378
21189379
21189388
