1001482932
1001476195
1001479222
1001479223
1001479000
1001325833
1001361207
1001361969
1001361971
1001373708
1001373710
1001479042
1001479043
1001479055
1001479068
1001479069
1001479079
1001479091
1001479092
1001479104
1001479105
1001479130
1001479131
1001479143
1001479144
1001479154
1001479164
1001479174
1001479186
1001479187
1001479199
1001479200
1001482988
1001482998
1001483008
1001483020
1001483021
1001483033
1001483034
1001483047
1001483046
1001483058
1001483068
1001483080
1001483081
1001483091
1001483106
1001483107
1001483117
1001483127
1001483137
1001483149
1001483150
1001483160
1001483172
1001483173
1001483190
1001483201
1001483213
1001483214
1001483224
1001483236
1001483237
1001483249
1001483250
1001483260
1001483270
1001483280
1001483301
1001483302
1001484828
1001484838
1001484850
1001484851
1001484863
1001484864
1001484874
1001484888
1001484889
1001484899
1001484909
1001484919
1001484931
1001484932
1001484944
1001484945
1001484955
1001484967
1001484966
1001484979
1001484980
1001484990
1001485000
1001485009
1001485029
1001485039
