  6.3500000e+002  5.9600000e+002  4.3493000e+004
  6.6200000e+002  5.8050000e+002  4.3494000e+004
  7.1500000e+002  5.4950000e+002  4.3495000e+004
  6.3100000e+002  5.9950000e+002  4.3498000e+004
  7.5000000e+002  5.2650000e+002  4.3499000e+004
  7.1200000e+002  5.5000000e+002  4.3500000e+004
  8.5300000e+002  4.6200000e+002  4.3501000e+004
  7.9100000e+002  4.9950000e+002  4.3502000e+004
  7.7400000e+002  5.1050000e+002  4.3503000e+004
  7.2300000e+002  5.4350000e+002  4.3505000e+004
  9.4400000e+002  4.0350000e+002  4.3506000e+004
  5.3100000e+002  6.6350000e+002  4.3507000e+004
  7.0600000e+002  5.5350000e+002  4.3508000e+004
  6.4200000e+002  5.9350000e+002  4.3509000e+004
  6.6500000e+002  5.7950000e+002  4.3510000e+004
  5.4900000e+002  6.5000000e+002  4.3553000e+004
  5.7000000e+002  6.3750000e+002  4.3554000e+004
  6.4400000e+002  5.9100000e+002  4.3555000e+004
  7.0800000e+002  5.5150000e+002  4.3556000e+004
  6.8300000e+002  5.6600000e+002  4.3561000e+004
  6.9500000e+002  5.5950000e+002  4.3562000e+004
  7.0300000e+002  5.5450000e+002  4.3563000e+004
  8.3500000e+002  4.7250000e+002  4.3564000e+004
  6.3000000e+002  6.0100000e+002  4.3590000e+004
  7.0200000e+002  5.5550000e+002  4.3591000e+004
  6.3300000e+002  5.9900000e+002  4.3592000e+004
  8.4100000e+002  4.6900000e+002  4.3593000e+004
  6.0900000e+002  6.1400000e+002  4.3614000e+004
  5.9200000e+002  6.2400000e+002  4.3615000e+004
  6.0700000e+002  6.1500000e+002  4.3616000e+004
  7.1100000e+002  5.4950000e+002  4.3617000e+004
  6.5400000e+002  5.8600000e+002  4.3737000e+004
  7.9900000e+002  4.9400000e+002  4.3738000e+004
  8.0000000e+002  4.9750000e+002  4.3739000e+004
  8.4300000e+002  4.6850000e+002  4.3740000e+004
  6.0400000e+002  6.1650000e+002  4.3780000e+004
  7.0900000e+002  5.5050000e+002  4.3781000e+004
  6.8100000e+002  5.6850000e+002  4.3782000e+004
  8.5500000e+002  4.5950000e+002  4.3783000e+004
  6.2100000e+002  6.0550000e+002  4.3784000e+004
  7.5700000e+002  5.2100000e+002  4.3785000e+004
  7.5800000e+002  5.2050000e+002  4.3786000e+004
  7.1000000e+002  5.5050000e+002  4.3787000e+004
  6.1800000e+002  6.0850000e+002  4.4016000e+004
  6.9100000e+002  5.7200000e+002  4.4017000e+004
  5.9500000e+002  6.2300000e+002  4.4018000e+004
  7.2400000e+002  5.4200000e+002  4.4019000e+004
  6.6700000e+002  5.7700000e+002  4.4114000e+004
  6.7500000e+002  5.7350000e+002  4.4115000e+004
  6.5200000e+002  5.8800000e+002  4.4116000e+004
  8.3000000e+002  4.7700000e+002  4.4117000e+004
  7.2600000e+002  5.4200000e+002  4.4154000e+004
  8.1600000e+002  4.8500000e+002  4.4155000e+004
  8.1600000e+002  4.8350000e+002  4.4156000e+004
  8.3900000e+002  4.6950000e+002  4.4157000e+004
  6.2800000e+002  6.0150000e+002  4.4189000e+004
  5.7300000e+002  6.3500000e+002  4.4190000e+004
  7.0900000e+002  5.5050000e+002  4.4191000e+004
  7.1300000e+002  5.4800000e+002  4.4192000e+004
  8.2500000e+002  4.7900000e+002  4.4205000e+004
  7.8000000e+002  5.0700000e+002  4.4206000e+004
  7.0800000e+002  5.5200000e+002  4.4207000e+004
  9.9800000e+002  3.7050000e+002  4.4208000e+004
  6.3000000e+002  6.0150000e+002  4.4209000e+004
  6.6200000e+002  5.8000000e+002  4.4210000e+004
  6.7800000e+002  5.7100000e+002  4.4211000e+004
  7.6900000e+002  5.1450000e+002  4.4212000e+004
  6.2200000e+002  6.0550000e+002  4.4213000e+004
  5.7300000e+002  6.3500000e+002  4.4214000e+004
  7.1800000e+002  5.4550000e+002  4.4215000e+004
  7.1300000e+002  5.4900000e+002  4.4216000e+004
  5.2300000e+002  6.6700000e+002  4.4361000e+004
  5.8700000e+002  6.2700000e+002  4.4362000e+004
  6.2800000e+002  6.0150000e+002  4.4363000e+004
  5.9900000e+002  6.1950000e+002  4.4364000e+004
  7.2500000e+002  5.4050000e+002  4.4365000e+004
  7.6100000e+002  5.1900000e+002  4.4366000e+004
  6.9700000e+002  5.5850000e+002  4.4367000e+004
  8.5100000e+002  4.6250000e+002  4.4368000e+004
  6.7300000e+002  5.7400000e+002  4.4369000e+004
  7.5300000e+002  5.2350000e+002  4.4370000e+004
  6.7400000e+002  5.7250000e+002  4.4371000e+004
  8.1200000e+002  4.8650000e+002  4.4372000e+004
  6.2100000e+002  6.0550000e+002  4.4373000e+004
  8.1100000e+002  4.8800000e+002  4.4374000e+004
  9.7000000e+002  3.8750000e+002  4.4375000e+004
  7.1100000e+002  5.5000000e+002  4.4376000e+004
  5.6100000e+002  6.4350000e+002  4.4377000e+004
  6.2900000e+002  6.0150000e+002  4.4378000e+004
  6.1400000e+002  6.1050000e+002  4.4379000e+004
  6.3700000e+002  5.9600000e+002  4.4380000e+004
  7.2200000e+002  5.4250000e+002  4.4393000e+004
  7.6000000e+002  5.1900000e+002  4.4394000e+004
  6.9600000e+002  5.5850000e+002  4.4395000e+004
  8.5400000e+002  4.6100000e+002  4.4396000e+004
  6.9600000e+002  5.6150000e+002  4.4445000e+004
  8.4900000e+002  4.6650000e+002  4.4446000e+004
  1.0280000e+003  3.5550000e+002  4.4447000e+004
  8.7300000e+002  4.5150000e+002  4.4448000e+004
  6.0500000e+002  6.1850000e+002  4.4449000e+004
  7.1300000e+002  5.5150000e+002  4.4450000e+004
  7.6300000e+002  5.2050000e+002  4.4451000e+004
  7.9500000e+002  5.0100000e+002  4.4452000e+004
  8.7900000e+002  4.4700000e+002  4.4457000e+004
  9.8700000e+002  3.8050000e+002  4.4458000e+004
  6.6100000e+002  5.8450000e+002  4.4467000e+004
  8.3500000e+002  4.7650000e+002  4.4468000e+004
  6.6700000e+002  5.8000000e+002  4.4469000e+004
  7.7700000e+002  5.1150000e+002  4.4470000e+004
  8.9000000e+002  4.4000000e+002  4.4491000e+004
  8.7700000e+002  4.4800000e+002  4.4492000e+004
  9.9200000e+002  3.7650000e+002  4.4493000e+004
  1.0040000e+003  3.6650000e+002  4.4494000e+004
  8.4700000e+002  4.6800000e+002  4.4539000e+004
  8.5500000e+002  4.6250000e+002  4.4540000e+004
  7.4900000e+002  5.3100000e+002  4.4541000e+004
  9.0900000e+002  4.2850000e+002  4.4542000e+004
  5.7300000e+002  6.3900000e+002  4.4555000e+004
  6.3600000e+002  6.1000000e+002  4.4556000e+004
  6.6200000e+002  5.9350000e+002  4.4557000e+004
  7.1700000e+002  5.5800000e+002  4.4558000e+004
  6.6600000e+002  5.8100000e+002  4.4715000e+004
  9.4300000e+002  4.0650000e+002  4.4716000e+004
  7.7400000e+002  5.1400000e+002  4.4717000e+004
  9.5500000e+002  4.0000000e+002  4.4718000e+004
  6.1500000e+002  6.1250000e+002  4.4721000e+004
  6.3800000e+002  5.9850000e+002  4.4722000e+004
  5.5400000e+002  6.5450000e+002  4.4723000e+004
  7.3000000e+002  5.4350000e+002  4.4724000e+004
  7.5200000e+002  5.2600000e+002  4.4732000e+004
  7.6000000e+002  5.2200000e+002  4.4733000e+004
  6.8300000e+002  5.6950000e+002  4.4734000e+004
  8.4900000e+002  4.6650000e+002  4.4735000e+004
  7.6100000e+002  5.2300000e+002  4.4820000e+004
  7.1200000e+002  5.5350000e+002  4.4821000e+004
  6.2500000e+002  6.0800000e+002  4.4822000e+004
  9.5600000e+002  4.0150000e+002  4.4823000e+004
  8.7900000e+002  4.4900000e+002  4.4824000e+004
  8.6300000e+002  4.5800000e+002  4.4825000e+004
  7.5800000e+002  5.2500000e+002  4.4826000e+004
  9.9500000e+002  3.7650000e+002  4.4827000e+004
  5.8200000e+002  6.3500000e+002  4.4842000e+004
  5.2000000e+002  6.7200000e+002  4.4843000e+004
  6.0200000e+002  6.2200000e+002  4.4844000e+004
  6.0000000e+002  6.2300000e+002  4.4845000e+004
  5.5900000e+002  6.4950000e+002  4.4850000e+004
  7.9500000e+002  5.0150000e+002  4.4851000e+004
  8.6600000e+002  4.5700000e+002  4.4852000e+004
  6.6400000e+002  5.8300000e+002  4.4857000e+004
  7.5300000e+002  5.2850000e+002  4.4858000e+004
  5.6600000e+002  6.4450000e+002  4.4859000e+004
  8.1400000e+002  4.9100000e+002  4.4860000e+004
  6.8200000e+002  5.7150000e+002  4.4874000e+004
  5.8600000e+002  6.3850000e+002  4.4875000e+004
  7.0500000e+002  5.5750000e+002  4.4876000e+004
  6.4300000e+002  5.9500000e+002  4.4877000e+004
  5.3400000e+002  6.6450000e+002  4.4881000e+004
  5.5000000e+001  9.6350000e+002  4.4882000e+004
  6.3100000e+002  6.0450000e+002  4.4892000e+004
  6.7700000e+002  5.7450000e+002  4.4893000e+004
  8.5100000e+002  4.6500000e+002  4.5040000e+004
  9.2000000e+002  4.2150000e+002  4.5041000e+004
  7.4700000e+002  5.3100000e+002  4.5042000e+004
  9.8700000e+002  3.8050000e+002  4.5043000e+004
  6.1100000e+002  6.1500000e+002  4.5111000e+004
  7.1300000e+002  5.5100000e+002  4.5112000e+004
  8.3000000e+002  4.7850000e+002  4.5113000e+004
  7.2700000e+002  5.4250000e+002  4.5114000e+004
  7.2100000e+002  5.4650000e+002  4.5115000e+004
  9.5600000e+002  3.9900000e+002  4.5116000e+004
  7.0900000e+002  5.5300000e+002  4.5117000e+004
  1.0660000e+003  3.3050000e+002  4.5118000e+004
  7.6900000e+002  5.1600000e+002  4.5119000e+004
  8.6200000e+002  4.5800000e+002  4.5120000e+004
  7.1000000e+002  5.5350000e+002  4.5121000e+004
  1.0820000e+003  3.2100000e+002  4.5122000e+004
  8.1200000e+002  4.8950000e+002  4.5123000e+004
  1.0220000e+003  3.5800000e+002  4.5124000e+004
  8.4900000e+002  4.6600000e+002  4.5125000e+004
  1.0300000e+003  3.5300000e+002  4.5126000e+004
  5.7700000e+002  6.3600000e+002  4.5213000e+004
  8.5600000e+002  4.6500000e+002  4.5214000e+004
  6.1200000e+002  6.1250000e+002  4.5215000e+004
  6.7600000e+002  5.7150000e+002  4.5216000e+004
  6.1400000e+002  6.1050000e+002  4.5217000e+004
  6.2700000e+002  6.0400000e+002  4.5218000e+004
  6.5300000e+002  5.9050000e+002  4.5219000e+004
  6.7300000e+002  5.7750000e+002  4.5220000e+004
  8.5100000e+002  4.6550000e+002  4.5221000e+004
  8.3800000e+002  4.7050000e+002  4.5222000e+004
  8.9600000e+002  4.3400000e+002  4.5223000e+004
  7.7800000e+002  5.0750000e+002  4.5227000e+004
  1.1380000e+003  2.8200000e+002  4.5228000e+004
  7.0800000e+002  5.5450000e+002  4.5229000e+004
  6.6500000e+002  5.8100000e+002  4.5230000e+004
  8.7400000e+002  4.5050000e+002  4.5231000e+004
  7.2300000e+002  5.4500000e+002  4.5232000e+004
  5.9000000e+002  6.2850000e+002  4.5237000e+004
  6.6100000e+002  5.8300000e+002  4.5240000e+004
  6.4900000e+002  5.9100000e+002  4.5242000e+004
  8.8800000e+002  4.4100000e+002  4.5244000e+004
  7.4400000e+002  5.3100000e+002  4.5246000e+004
  7.3200000e+002  5.4000000e+002  4.5248000e+004
  7.3400000e+002  5.3800000e+002  4.5250000e+004
  9.6300000e+002  3.9650000e+002  4.5252000e+004
  6.4400000e+002  5.9400000e+002  4.5256000e+004
  7.2100000e+002  5.4650000e+002  4.5258000e+004
  7.9600000e+002  5.0000000e+002  4.5259000e+004
  7.2800000e+002  5.4400000e+002  4.5260000e+004
  5.7400000e+002  6.3950000e+002  4.5265000e+004
  6.2800000e+002  6.0500000e+002  4.5266000e+004
  6.2100000e+002  6.0800000e+002  4.5267000e+004
  6.0400000e+002  6.2000000e+002  4.5268000e+004
  6.8600000e+002  5.6850000e+002  4.5273000e+004
  6.6200000e+002  5.8350000e+002  4.5274000e+004
  7.2600000e+002  5.4650000e+002  4.5275000e+004
  6.8400000e+002  5.6950000e+002  4.5276000e+004
  8.6200000e+002  4.5550000e+002  4.5357000e+004
  1.0280000e+003  3.5150000e+002  4.5358000e+004
  8.3800000e+002  4.7050000e+002  4.5359000e+004
  1.0960000e+003  3.0950000e+002  4.5360000e+004
  5.1600000e+002  6.7100000e+002  4.5361000e+004
  6.8600000e+002  5.6600000e+002  4.5362000e+004
  6.3200000e+002  5.9950000e+002  4.5363000e+004
  7.9300000e+002  5.0050000e+002  4.5364000e+004
  5.3400000e+002  6.6050000e+002  4.5484000e+004
  5.9000000e+002  6.2500000e+002  4.5485000e+004
  6.4000000e+002  5.9350000e+002  4.5486000e+004
  6.3800000e+002  5.9550000e+002  4.5487000e+004
  6.7000000e+002  5.7550000e+002  4.5524000e+004
  8.6000000e+002  4.5650000e+002  4.5525000e+004
  7.9200000e+002  4.9900000e+002  4.5526000e+004
  8.5100000e+002  4.6250000e+002  4.5527000e+004
  6.2500000e+002  6.0750000e+002  4.5528000e+004
  8.4300000e+002  4.7200000e+002  4.5529000e+004
  6.8700000e+002  5.6950000e+002  4.5530000e+004
  8.8600000e+002  4.4150000e+002  4.5531000e+004
  7.1500000e+002  5.5050000e+002  4.5576000e+004
  7.4600000e+002  5.3050000e+002  4.5577000e+004
  6.6800000e+002  5.8000000e+002  4.5578000e+004
  7.7800000e+002  5.1050000e+002  4.5579000e+004
  5.8500000e+002  6.3250000e+002  4.5600000e+004
  7.3800000e+002  5.3500000e+002  4.5601000e+004
  6.0900000e+002  6.1750000e+002  4.5602000e+004
  8.0200000e+002  4.9550000e+002  4.5603000e+004
  8.3000000e+002  4.7850000e+002  4.5624000e+004
  7.9500000e+002  5.0150000e+002  4.5625000e+004
  9.4900000e+002  4.0450000e+002  4.5626000e+004
  7.6400000e+002  5.2000000e+002  4.5627000e+004
  5.3500000e+002  6.5950000e+002  4.5699000e+004
  6.4400000e+002  5.9150000e+002  4.5700000e+004
  5.9100000e+002  6.2450000e+002  4.5701000e+004
  8.4900000e+002  4.6650000e+002  4.5702000e+004
  6.6000000e+002  5.8150000e+002  4.5757000e+004
  7.5000000e+002  5.2550000e+002  4.5758000e+004
  7.9600000e+002  4.9650000e+002  4.5769000e+004
  8.3400000e+002  4.7250000e+002  4.5770000e+004
  7.2600000e+002  5.4050000e+002  4.5771000e+004
  8.8500000e+002  4.4000000e+002  4.5772000e+004
  6.9100000e+002  5.6200000e+002  4.5804000e+004
  7.7700000e+002  5.1000000e+002  4.5805000e+004
  5.7200000e+002  6.3750000e+002  4.5806000e+004
  9.4900000e+002  4.0050000e+002  4.5807000e+004
  6.0500000e+002  6.1500000e+002  4.5855000e+004
  6.7800000e+002  5.7100000e+002  4.5856000e+004
  6.8600000e+002  5.6550000e+002  4.5857000e+004
  7.8600000e+002  5.0200000e+002  4.5858000e+004
  5.8300000e+002  6.2950000e+002  4.5897000e+004
  6.9100000e+002  5.6150000e+002  4.5898000e+004
  6.4900000e+002  5.8850000e+002  4.5899000e+004
  7.9400000e+002  4.9800000e+002  4.5900000e+004
  6.1500000e+002  6.0950000e+002  4.5905000e+004
  7.2000000e+002  5.4650000e+002  4.5906000e+004
  7.3200000e+002  5.3650000e+002  4.5907000e+004
  6.8300000e+002  5.6700000e+002  4.5912000e+004
  6.6900000e+002  5.7600000e+002  4.5913000e+004
  5.9100000e+002  6.2450000e+002  4.5914000e+004
  8.1900000e+002  4.8250000e+002  4.5915000e+004
  8.2300000e+002  4.8300000e+002  4.5926000e+004
  1.0170000e+003  3.6150000e+002  4.5927000e+004
  7.5400000e+002  5.2500000e+002  4.5928000e+004
  6.6900000e+002  5.7950000e+002  4.6003000e+004
  8.2700000e+002  4.8100000e+002  4.6004000e+004
  5.9000000e+002  6.2850000e+002  4.6005000e+004
  7.6200000e+002  5.2100000e+002  4.6006000e+004
  5.8400000e+002  6.3100000e+002  4.6070000e+004
  7.7800000e+002  5.0950000e+002  4.6071000e+004
  7.0200000e+002  5.5750000e+002  4.6072000e+004
  8.7000000e+002  4.5250000e+002  4.6073000e+004
  7.2100000e+002  5.4650000e+002  4.6097000e+004
  8.4800000e+002  4.6650000e+002  4.6098000e+004
  7.0700000e+002  5.5550000e+002  4.6099000e+004
  8.4900000e+002  4.6650000e+002  4.6100000e+004
