20798550
20819528
20798551
20819529
20797254
20818104
20797255
20818105
20797256
20818106
20797257
20818107
20797620
20818376
20797621
20818377
20798202
20818976
20798203
20818977
20797127
20818068
20797128
20818069
20798555
20819533
20798556
20819534
20798012
20818721
20798013
20818722
20798017
20818777
20798018
20818778
20819711
20819712
20824739
20824740
20843868
20843869
20844969
20844970
20890933
20890934
20889601
20889602
20889871
20889872
20966133
20966134
20966138
20966139
20965511
20965512
20965516
20965517
20965506
20965507
21017273
21016638
21016639
21018323
21018324
21018328
21018329
21059006
21059007
21057653
21057654
21058094
21058100
21059596
21059601
21083804
21083813
21084753
21084762
21085128
21085137
21083261
21083270
21157632
21157641
21156906
21156915
21157187
21157196
21156325
21156333
21155734
21155743
21156715
21156726
