20802591
20808351
20802592
20808352
20802593
20808353
20803116
20808782
20803117
20808783
20803121
20808787
20803122
20808788
20803517
20809248
20803518
20809249
20803126
20808792
20803127
20808793
20803297
20808807
20803298
20808808
20803417
20808927
20803418
20808928
20802586
20808324
20802587
20808325
20808203
20808204
20822339
20822340
20848492
20848493
20847714
20847715
20897735
20897736
20897725
20897726
20897730
20897731
20896156
20896157
20973732
20973733
20974602
20974603
20974443
20974444
20973926
20973927
20973634
20973635
21024720
21024721
21024506
21024507
21024511
21024512
21025501
21025502
21023693
21065190
21065191
21064577
21064595
21065801
21065802
21065682
21065683
21090636
21090637
21090836
21090837
21090922
21090936
21091125
21091143
21166355
21166364
21167412
21167432
21167025
21167033
21167686
21167698
21166942
21166951
21165772
21165782
