20801345
20806905
20801346
20806906
20801347
20806907
20801351
20806911
20801352
20806912
20800929
20806367
20800930
20806368
20801655
20807193
20801656
20807194
20801173
20806717
20801174
20806718
20800994
20806432
20800995
20806433
20801590
20807150
20801591
20807151
20801269
20806813
20801270
20806814
20806882
20806883
20825370
20825371
20847199
20847200
20895645
20895646
20895836
20895837
20895650
20895651
20895841
20895842
20896135
20896136
20971333
20971334
20972175
20972176
20972180
20972181
20971471
20971472
20971833
20971834
21023498
21023499
21023505
21023506
21023347
21023348
21023191
21023192
21063944
21063945
21063964
21063965
21063126
21063127
21064363
21064364
21088996
21088997
21088754
21088755
21088931
21088940
21089240
21089246
21164466
21164475
21164693
21164704
21164878
21164886
21164827
21164994
21165001
21164088
21164097
21164400
21164409
20802591
20808351
20802592
20808352
20802593
20808353
20803116
20808782
20803117
20808783
20803121
20808787
20803122
20808788
20803517
20809248
20803518
20809249
20803126
20808792
20803127
20808793
20803297
20808807
20803298
20808808
20803417
20808927
20803418
20808928
20802586
20808324
20802587
20808325
20808203
20808204
20822339
20822340
20848492
20848493
20847714
20847715
20897735
20897736
20897725
20897726
20897730
20897731
20896156
20896157
20973732
20973733
20974602
20974603
20974443
20974444
20973926
20973927
20973634
20973635
21024720
21024721
21024506
21024507
21024511
21024512
21025501
21025502
21023693
21065190
21065191
21064577
21064595
21065801
21065802
21065682
21065683
21090636
21090637
21090836
21090837
21090922
21090936
21091125
21091143
21166355
21166364
21167412
21167432
21167025
21167033
21167686
21167698
21166942
21166951
21165772
21165782
20816807
20816808
20826543
20826544
20851487
20851488
20851407
20851408
20904270
20904271
20904380
20904381
20905059
20905061
20904506
20904507
20993613
20993614
20993786
20993787
20993675
20993676
20993607
20993608
20994068
20994069
21030891
21030892
21030893
21030894
21031149
21031150
21030775
21030776
21070467
21070468
21071683
21071684
21071126
21071127
21071209
21071210
21096715
21096716
21096773
21096774
21097000
21097007
21097056
21097063
21177042
21177050
21177797
21177802
21177870
21177879
21177950
21177958
21177502
21177509
21177479
21177634
21177640
21177651
