1000077982
1000077977
1000077960
1000078000
1000077974
1000077933
1000078028
1000078012
1000077841
1000077859
1000077994
1000077964
1000078008
1000078016
1000077837
1000078002
1000077849
1000078020
1000078024
1000078056
1000077911
1000078060
1000077836
1000077913
1000077929
1000077931
1000077938
1000077986
1000077988
1000078018
1000077944
1000077865
1000077875
1000077887
1000077903
1000078046
1000078050
1000077883
1000077857
1000077909
1000077855
1000077925
1000077954
1000078022
1000077879
1000077992
1000078030
1000078040
1000078058
1000077853
1000077936
1000078006
1000078010
1000077863
1000077889
1000077907
1000078054
1000078063
1000078067
1000077839
1000077847
1000077851
1000077861
1000077873
1000077917
1000077923
1000077927
1000077950
