160356
150985
141224
150735
135252
120409
113639
115022
161885
115718
131514
107297
151808
132944
128251
106682
103708
106155
159510
151822
108795
130820
143726
122715
116125
140649
132275
106698
115845
131103
151665
143834
144483
105899
145357
123353
141379
148464
153683
127384
109731
109821
110968
143060
116573
134835
119939
134972
122155
132673
105776
141389
148473
161783
130090
125430
105063
105799
148867
108697
123367
139863
104205
107228
115839
127009
110303
134910
125482
131625
151155
113044
114212
121023
123748
145856
116124
110883
127383
161990
142206
149553
121800
129684
133442
122397
153696
142115
135443
117361
104736
107121
141236
141967
145714
150418
151284
145855
111920
109945
103716
151839
144688
150178
149602
133323
136865
105091
111310
109820
145815
105835
105097
151659
119856
139636
123253
123163
144581
109944
121024
123749
153883
143492
116582
140359
115667
134868
113686
115069
130926
120909
127158
144302
149058
112058
138770
106393
161948
106093
146314
151375
107812
113376
114759
146217
148249
144729
125751
122540
115864
121993
109798
105724
127281
118554
123857
137027
139246
143968
145467
148213
149930
129698
134902
113549
114932
144102
105099
107353
113326
114709
116497
149258
103697
110338
127305
151019
109548
153697
148762
138670
111461
113743
115126
126109
110399
139107
118180
139695
139185
107729
117207
109288
144203
148960
145421
144730
159382
119971
119855
144684
107544
105361
161824
144088
161572
141232
109170
135783
138751
106268
104802
113145
114313
151624
116316
162016
112170
113215
114578
128301
131054
113327
114710
160207
135107
138990
105980
135502
159912
141448
148532
118184
109852
150592
140472
130211
116543
134794
126928
151825
151826
151827
123001
119693
143465
120682
136980
112873
114401
132403
139796
132823
103828
107255
116428
148148
150687
150909
121077
123802
127470
150307
127117
130391
128081
131100
131050
150262
140553
126296
109642
127306
115965
150723
131344
106933
116953
150117
141680
148340
108434
126111
118258
120246
110316
130431
162015
135271
103571
136981
120720
117602
150724
135234
161776
111485
149967
139844
139591
141980
145727
150431
149735
119655
131239
127771
109501
143439
132404
116431
135063
138946
128236
127817
110378
120259
159379
118585
123888
104761
161680
143461
115652
130864
116084
127108
148341
141906
145254
123048
122957
161516
110403
121942
117362
113137
114305
136549
104210
132580
123326
134867
145875
107613
115591
143103
130191
159625
129922
129925
107811
127811
110834
117319
106154
139618
127510
104710
106039
127635
128386
159313
123492
128830
117456
146129
143560
111681
150583
106783
118413
103860
125313
116097
159273
127673
137057
118179
138724
148227
106584
132759
103714
135646
119930
141480
109272
113263
114630
130036
122337
127219
130041
127860
106957
127777
141428
148512
140372
131038
116525
123638
149920
151666
108781
134690
106099
108612
129699
136585
133430
121537
116447
121821
119861
117383
121866
118388
123660
150046
111413
121987
125960
121527
146087
106356
153768
136083
121526
146313
151374
133653
132626
132079
107021
119720
113118
114286
107770
107614
123327
110459
126069
122051
133759
140356
136077
130037
113043
114211
141937
145285
104148
121083
123808
133587
132182
132187
139788
120408
143232
105798
116697
122465
161894
150395
147989
106510
148352
135075
138958
110644
123509
115853
131004
159605
112313
104820
127189
141272
116599
120399
107691
110229
115610
135138
139021
111737
136447
141747
145097
150200
145358
138714
151619
127634
121875
139186
132473
150640
110555
108094
141449
148533
123074
150241
150240
133070
149297
106784
136210
140657
141847
145196
118652
117374
144580
142022
145768
132399
135504
139349
145888
112186
113229
114594
132267
129846
119867
145593
127065
111339
110514
127405
132165
122815
139410
109461
162007
144957
119852
143592
129712
127989
153937
122425
107627
148882
140589
104249
112823
114351
104381
161466
105083
108072
105707
149177
128062
112268
104023
121003
123728
112019
159680
159624
131315
117169
133489
142823
134713
139240
153737
113328
114711
133166
135889
161827
136503
149640
130855
126868
126238
144837
150368
159509
109196
119791
151798
148939
143643
145870
134882
108719
107807
117105
131260
144031
143642
127950
116210
151289
139138
122832
119650
126200
107728
159175
119906
150898
122619
111843
142809
162129
123515
121514
128659
106919
106243
149785
132266
115653
151483
123480
119656
125409
104014
108095
116248
142814
145468
149931
118239
107871
107701
127341
161879
104569
153703
109876
122950
135022
138906
138775
141457
148541
107745
109160
138861
141376
148461
104314
135224
151287
105808
139518
128277
125789
110404
139343
161578
125757
135021
138905
138674
130237
118228
107748
111083
128009
148940
132576
160224
159340
159344
143702
123514
111299
128260
111821
106798
136109
117293
113051
114219
147901
139106
110989
131617
104800
161463
133046
105455
116570
128086
116611
153868
117404
132607
159830
162029
162081
115534
111099
150775
133799
148256
107345
107392
120343
115956
143233
141375
148460
128164
136916
160038
127796
116360
111482
127984
149319
121612
125279
143701
151729
149447
120215
150341
145922
122148
127116
106370
126284
111425
111486
115555
130869
109783
131169
107972
159772
133232
135954
150978
109651
148318
143868
129921
146211
116791
119792
161551
148732
130044
112308
112310
109255
146175
161421
104711
107022
131037
107740
145621
125642
126176
115385
135081
138964
150833
150837
151789
122662
116203
107471
116792
159989
118033
120673
144844
127509
125426
107528
106633
162097
116579
131009
143464
153811
107316
133280
136822
106220
104469
136572
148257
129643
133520
143507
106834
142938
126072
143420
153867
141810
145160
130043
153741
144126
130914
105390
149951
109709
105819
118475
113532
114915
148712
143478
122059
119970
142804
148604
106771
133811
117352
141427
148511
138521
116701
110645
149939
129840
139181
140552
126977
147988
131251
143477
135076
138959
121672
121955
146077
116107
128855
131418
103992
159474
130111
105092
119797
136295
110697
116607
103570
138851
120161
129760
139856
109571
