122183 
125835 
125591 
104202 
161517 
122872 
105023 
107256 
143417 
130108 
141896 
145244 
129689 
105098 
162134 
128625 
125748 
109161 
125984 
139668 
141395 
148479 
148258 
146243 
151306 
108692 
105259 
113687 
115070 
144055 
148267 
108512 
130840 
116049 
109725 
117232 
126087 
104236 
144232 
148989 
109848 
142166 
149901 
130937 
140532 
161816 
136742 
111437 
135528 
141681 
110704 
153733 
161782 
149670 
153877 
147939 
121057 
123782 
136592 
142816 
113353 
114736 
120884 
128495 
113440 
114823 
141215 
146281 
151343 
107284 
147967 
137022 
105677 
112394 
104248 
119835 
110649 
122056 
122393 
139753 
130310 
142277 
146328 
160112 
141793 
145143 
115219 
148887 
141884 
145232 
128067 
130002 
118608 
123911 
133379 
136267 
108808 
144123 
141437 
141439 
148521 
148523 
130986 
107862 
119928 
132541 
117186 
121509 
132107 
148863 
160196 
116713 
107487 
142994 
159759 
110793 
150953 
115464 
126968 
145427 
118419 
159819 
133800 
132203 
111326 
112150 
113196 
114558 
151817 
125372 
121761 
132288 
131530 
109762 
132501 
103872 
127120 
112151 
113197 
114559 
146157 
132848 
120471 
133289 
136831 
106511 
151025 
108000 
110033 
135167 
139050 
159186 
160228 
132872 
135741 
141651 
134934 
125771 
109389 
143613 
122228 
125880 
109735 
132378 
122998 
128649 
150400 
126041 
128019 
161441 
116044 
135590 
153758 
151730 
146216 
143815 
145399 
105868 
144470 
131583 
161903 
110136 
149814 
149731 
110815 
140678 
109929 
130520 
143625 
106728 
106729 
103999 
130806 
107391 
116748 
150684 
149680 
110087 
143605 
144680 
112228 
126400 
127436 
147957 
107285 
131593 
122371 
108551 
159841 
149472 
113413 
114796 
106763 
115971 
161663 
130449 
132423 
122170 
125822 
111059 
111384 
108367 
151099 
119773 
120934 
107346 
136766 
108009 
106483 
120846 
115422 
150873 
117417 
122211 
125863 
103734 
139871 
132424 
149331 
150864 
116551 
148706 
159475 
153859 
130003 
137065 
116963 
159505 
140585 
122898 
123828 
111835 
111462 
105721 
130981 
148944 
144367 
115318 
135418 
120538 
113389 
114772 
127788 
144093 
106617 
143951 
151549 
150399 
110479 
161800 
144202 
148959 
103839 
128685 
131527 
133702 
115992 
143215 
150776 
122781 
159690 
131117 
129997 
144181 
136135 
109647 
105986 
160181 
127083 
133654 
105638 
148948 
120668 
161858 
130204 
159204 
149580 
151406 
159724 
140401 
120214 
130799 
160081 
161546 
133605 
129928 
110141 
135693 
103942 
108550 
113678 
115061 
125404 
141233 
120447 
146299 
151360 
104002 
105643 
141324 
148408 
151793 
117289 
142887 
110300 
111566 
133093 
135816 
150016 
118504 
141385 
148469 
148269 
125326 
127256 
131116 
151144 
104619 
116923 
111836 
139926 
139166 
144343 
149140 
127618 
123529 
131223 
159329 
161573 
120353 
108002 
120937 
121915 
141833 
145182 
106330 
144106 
121045 
123770 
126396 
150246 
105702 
148300 
148877 
159895 
131021 
122814 
146070 
105863 
141798 
145148 
117418 
141196 
107907 
148172 
148268 
113594 
114977 
116143 
136168 
143758 
130309 
135482 
144933 
150929 
122734 
118084 
113076 
114244 
120938 
150926 
106533 
135537 
115530 
144807 
110359 
138517 
129793 
109849 
135602 
116835 
142868 
148362 
134847 
104570 
135080 
138963 
149565 
120209 
120416 
139160 
118038 
149113 
113666 
115049 
138569 
105258 
105263 
127542 
137064 
151797 
132137 
130080 
103864 
141688 
149570 
141950 
145298 
148694 
162031 
111426 
106204 
162030 
120542 
121034 
123759 
133717 
146263 
151326 
160127 
112921 
114449 
150932 
142169 
104825 
119851 
135735 
144272 
149028 
133519 
138764 
109710 
130482 
110547 
135826 
122831 
127795 
148845 
161967 
123501 
127574 
150317 
143497 
133404 
150181 
103760 
116436 
122004 
160333 
144953 
159850 
150151 
149583 
115353 
153953 
110456 
108406 
133421 
115730 
132173 
133614 
120251 
129767 
123115 
109612 
147990 
141384 
148468 
136131 
151219 
119826 
110990 
126081 
136435 
108541 
123565 
116306 
159506 
153727 
151085 
145814 
106859 
136959 
135451 
150661 
149938 
136108 
120730 
143808 
142249 
117357 
139536 
159703 
138611 
140639 
161480 
161495 
104702 
141891 
145239 
116761 
117133 
125596 
104123 
107336 
139593 
132871 
135740 
144101 
109834 
106605 
143264 
120809 
123659 
146191 
139928 
135382 
146213 
117134 
143456 
131336 
141380 
148465 
117986 
125587 
110308 
106855 
132667 
115529 
151607 
120338 
120260 
138522 
143306 
106932 
145515 
116578 
106215 
115834 
118385 
132303 
153952 
133165 
135888 
146242 
151305 
127288 
128786 
122967 
132408 
104630 
121636 
159459 
116716 
121058 
123783 
136446 
132204 
117459 
136136 
134856 
141745 
145095 
151467 
134763 
139291 
125571 
144487 
133031 
143552 
127252 
117070 
144873 
160203 
144155 
133706 
116493 
118637 
134735 
111619 
113632 
115015 
112860 
114388 
112187 
113230 
114595 
128130 
117654 
149311 
138669 
116569 
133382 
136270 
107097 
132388 
116820 
110382 
149669 
107176 
117983 
126162 
127427 
109877 
103717 
110086 
153694 
141689 
143359 
113485 
114868 
110764 
115356 
161585 
109225 
122036 
144836 
140518 
144862 
123566 
143045 
137023 
143522 
126955 
150788 
122271 
125923 
108100 
146113 
111761 
110081 
110090 
106071 
133212 
135935 
130009 
142292 
146342 
150934 
128650 
136440 
118261 
129727 
105664 
150958 
146279 
151341 
149685 
110594 
126160 
153736 
130086 
133279 
136821 
131305 
132564 
119848 
108044 
105204 
133378 
136266 
110814 
104924 
143113 
104886 
139667 
161440 
138874 
126057 
150183 
133204 
135927 
144190 
132590 
110650 
109339 
111644 
132177 
122184 
125836 
110907 
115716 
150562 
116451 
139549 
140484 
120337 
142775 
113107 
114275 
134919 
109314 
132758 
126140 
130313 
133422 
133526 
150561 
135333 
111738 
132849 
126962 
105078 
133171 
135894 
110383 
136028 
159837 
121710 
141300 
148384 
162049 
150385 
110442 
127873 
148586 
141979 
145726 
150430 
119755 
104667 
109273 
145375 
151773 
110140 
105389 
107607 
149230 
116542 
149526 
150198 
130486 
150860 
119881 
108369 
143169 
146237 
115970 
144706 
121513 
139626 
130807 
140511 
161755 
144473 
106787 
144808 
134769 
113345 
114728 
139165 
146192 
117671 
139490 
105431 
119668 
145607 
118262 
112191 
113234 
114599 
139342 
160360 
110104 
110307 
122253 
125905 
132703 
122272 
125924 
132172 
119751 
143506 
151598 
161984 
109511 
136593 
110882 
104624 
135342 
106143 
117101 
142893 
145361 
126110 
121510 
123387 
122099 
110708 
150122 
106192 
122117 
107296 
109310 
122372 
127868 
141975 
145722 
150426 
153864 
143907 
150017 
120370 
134795 
161916 
148051 
121540 
117211 
117489 
119743 
116237 
109734 
150664 
107442 
135295 
132178 
134923 
131619 
131623 
108099 
105882 
135718 
116322 
146440 
162019 
133497 
120369 
109300 
109234 
104937 
115465 
141817 
145166 
110548 
120332 
148585 
109221 
117965 
107204 
150299 
143543 
143662 
116440 
144137 
142189 
144030 
159689 
136396 
108016 
108014 
109409 
131624 
116558 
120328 
138588 
133808 
121604 
125271 
135290 
150865 
108439 
125567 
151840 
141797 
145147 
144184 
148356 
128928 
131490 
116356 
148301 
149462 
128131 
104300 
116019 
138459 
141444 
148528 
129910 
126366 
117488 
115808 
121569 
142043 
145789 
142008 
145754 
106006 
136030 
116553 
122633 
107323 
133388 
136276 
135527 
120418 
153731 
106999 
120022 
113039 
114207 
112920 
114448 
117982 
151748 
110794 
146382 
151747 
144451 
126169 
139876 
161364 
130331 
120238 
109366 
144097 
161953 
110718 
153773 
139537 
144402 
160010 
142151 
111514 
110842 
143633 
135263 
116747 
142027 
145773 
111334 
134759 
117649 
142170 
135501 
110955 
149919 
146384 
126370 
115381 
106234 
127084 
133035 
139507 
148805 
104206 
105436 
135383 
115838 
139161 
105820 
111640 
105653 
123430 
151084 
128502 
121807 
143358 
138458 
115787 
123447 
120205 
117974 
132936 
109306 
107425 
139111 
112229 
141294 
148379 
162040 
108183 
118238 
128504 
131187 
148135 
118002 
142854 
123471 
123212 
127187 
127319 
106073 
143378 
151112 
122125 
161477 
125293 
142844 
107761 
107335 
125618 
109278 
103723 
132957 
107861 
120690 
110096 
151818 
134929 
108086 
118626 
123929 
119669 
153707 
118265 
149663 
159469 
150520 
115485 
136749 
135286 
118470 
133663 
115805 
126295 
143250 
123211 
135171 
139054 
116482 
108349 
144087 
126851 
116078 
142800 
120104 
159732 
151700 
117430 
112963 
114491 
107422 
106961 
110202 
149860 
132805 
143422 
120847 
141700 
130271 
135428 
119750 
126850 
122350 
127232 
149730 
108001 
120105 
119757 
151876 
151083 
142782 
143557 
132363 
127255 
110819 
149673 
122840 
121635 
127565 
132663 
143835 
146126 
116404 
147958 
139337 
115423 
106129 
145999 
122826 
125500 
149525 
123113 
106803 
135253 
103700 
161881 
125803 
129917 
161676 
143875 
151143 
130227 
111901 
121035 
123760 
161904 
105719 
133315 
136857 
132745 
135438 
131221 
122254 
125906 
136573 
116461 
130125 
161529 
105862 
103754 
141657 
116103 
123643 
107765 
145964 
150482 
105881 
136154 
143739 
109584 
106191 
122989 
132224 
159460 
143629 
129864 
129867 
131590 
123076 
132644 
139498 
144086 
123642 
141445 
148529 
120201 
113499 
114882 
115415 
127617 
130481 
119687 
136528 
133211 
135934 
127996 
106772 
104001 
143782 
141144 
139877 
107618 
119726 
126963 
151811 
115771 
133434 
109583 
160401 
112032 
133152 
135875 
139831 
127863 
136294 
106799 
147976 
143874 
123570 
143902 
129983 
123377 
127690 
105374 
150145 
105639 
115850 
104253 
106015 
115991 
150123 
117116 
115729 
128851 
131414 
110896 
105857 
150108 
118417 
122394 
104198 
116635 
103883 
128072 
136155 
153698 
133773 
104053 
132491 
115387 
140617 
108754 
116147 
122652 
103726 
136282 
104806 
126401 
142120 
145606 
141261 
128118 
135603 
135337 
134981 
130333 
109390 
110655 
136323 
139436 
107220 
115770 
149112 
125527 
135391 
110948 
125680 
109050 
143469 
142781 
146238 
151841 
139443 
105022 
106804 
125955 
136362 
119924 
117102 
117655 
133191 
135914 
160229 
151094 
161833 
108599 
116736 
135045 
138928 
109268 
111327 
135113 
138996 
116491 
132589 
126356 
116487 
116859 
132174 
161365 
128264 
118471 
125350 
142801 
118599 
118603 
123902 
123906 
141770 
145120 
138640 
139789 
135682 
117369 
117371 
151172 
141830 
145179 
150098 
143859 
105211 
116858 
153781 
121067 
123792 
103705 
150574 
149494 
141509 
127847 
122773 
139594 
108288 
148891 
153816 
121822 
106229 
145676 
111868 
111871 
122444 
117118 
159764 
113045 
114213 
133336 
136878 
113691 
115074 
136033 
149767 
109488 
129851 
120904 
107652 
103615 
151218 
104979 
122370 
127251 
141782 
145132 
145326 
122315 
127197 
122780 
105460 
159241 
115788 
122632 
128085 
123524 
118175 
128819 
132704 
104277 
126202 
147977 
112899 
114427 
104564 
106788 
105628 
153858 
143740 
150902 
104147 
144595 
110862 
161500 
129647 
127749 
121782 
109256 
116452 
125464 
161547 
159731 
110082 
139767 
129763 
150660 
111351 
110502 
110095 
143908 
109656 
127864 
142826 
131188 
115260 
110607 
150182 
160402 
122001 
135058 
138941 
133146 
135869 
105981 
121897 
160324 
146475 
159590 
142143 
149194 
118145 
128852 
131415 
151813 
134906 
118482 
106402 
113778 
115161 
128393 
117150 
144164 
116403 
139927 
139502 
130337 
144984 
122938 
106197 
105840 
133267 
136809 
144231 
148988 
110174 
108175 
105838 
150764 
125820 
142192 
159297 
150118 
129746 
143759 
128624 
133147 
135870 
121996 
123379 
105307 
106371 
142144 
131210 
139277 
136331 
129648 
132699 
160378 
143286 
159633 
125605 
121673 
130450 
161433 
119963 
144267 
149023 
118077 
117593 
105294 
145376 
144780 
140616 
108628 
111480 
132746 
111872 
111876 
139615 
148262 
126342 
117650 
136765 
133471 
115236 
141470 
148554 
143377 
136929 
143340 
144301 
149057 
113346 
114729 
109466 
122325 
127207 
107992 
146021 
121570 
148742 
149861 
136979 
131261 
106960 
121870 
112962 
114490 
159296 
129792 
130338 
117481 
151849 
135638 
129850 
103738 
144206 
148963 
117370 
132866 
109587 
142142 
151466 
150957 
104524 
105079 
107960 
162039 
117396 
144498 
116299 
141878 
145226 
116219 
139142 
128877 
131440 
153702 
113023 
114191 
104815 
127967 
143173 
143822 
105985 
139550 
116649 
144942 
126159 
112233 
141464 
148548 
106446 
122961 
125568 
129708 
119847 
107793 
104659 
130132 
160407 
139296 
144594 
120861 
117201 
110964 
105532 
111943 
120649 
112168 
113213 
114576 
142125 
104520 
125963 
136354 
104371 
153878 
162132 
113381 
114764 
161777 
113518 
114901 
153771 
136975 
150245 
159797 
111720 
122138 
150488 
108600 
105568 
106128 
105027 
133783 
118638 
148600 
104585 
109305 
159698 
105468 
116690 
149740 
120173 
133705 
148743 
136353 
141956 
145704 
150408 
127400 
131025 
123484 
107744 
113093 
114261 
110304 
103759 
143544 
125544 
143210 
130367 
105415 
120053 
113412 
114795 
143001 
144653 
139318 
104235 
132463 
150219 
160162 
141897 
145245 
128365 
136082 
144861 
136329 
120640 
132462 
135163 
139046 
136744 
113568 
114951 
106369 
115454 
127587 
103974 
130372 
148711 
112155 
113200 
114563 
103634 
139820 
113367 
114750 
107280 
105293 
144017 
115592 
109432 
111523 
108753 
108758 
115180 
161895 
130359 
111567 
103643 
159205 
109051 
132539 
133527 
117182 
116603 
132391 
132630 
130453 
120333 
133266 
136808 
141258 
142116 
105557 
133170 
135893 
132804 
120071 
159446 
161674 
122126 
120426 
105928 
125703 
128831 
136288 
126125 
110676 
135068 
138951 
116455 
117149 
121946 
128066 
149557 
130954 
120655 
150205 
126341 
103715 
142193 
142250 
104861 
149287 
127961 
139506 
107676 
161418 
108087 
113439 
114822 
112293 
150787 
144874 
123348 
126201 
109978 
109950 
148323 
112406 
125704 
145537 
127770 
127772 
117046 
120729 
162020 
139309 
133238 
135960 
116439 
161619 
143373 
107885 
107647 
120266 
126355 
118007 
133331 
136873 
108426 
140393 
111335 
141879 
145227 
106626 
136123 
143858 
128219 
106789 
120229 
109219 
107651 
108138 
116481 
119725 
116731 
145926 
140526 
123077 
106263 
116529 
139128 
105012 
127346 
120654 
107501 
141468 
148552 
108409 
159836 
126981 
161620 
118516 
106411 
103657 
127541 
123572 
120292 
151787 
116954 
123288 
130216 
146379 
113040 
114208 
118634 
128637 
122280 
125932 
121571 
144475 
135583 
125465 
115345 
113667 
115050 
148931 
117464 
144224 
148981 
151215 
107794 
120016 
150709 
161859 
122716 
159898 
120691 
153872 
144599 
128763 
135067 
138950 
141266 
105921 
106179 
129775 
113484 
114867 
134965 
111383 
150954 
106575 
104064 
128364 
116459 
149552 
142188 
133400 
128762 
115303 
103737 
130833 
104931 
136395 
159848 
142009 
145755 
144739 
145819 
117611 
136160 
149426 
107000 
159886 
130004 
104866 
117603 
126338 
125508 
128475 
109398 
141216 
143568 
122851 
121009 
123734 
132276 
135296 
109360 
145452 
121794 
139754 
104824 
112842 
114370 
147968 
133433 
150281 
136462 
106956 
129900 
149718 
130019 
161733 
107007 
125990 
132964 
138758 
112291 
110175 
108752 
128507 
133387 
136275 
135612 
160001 
111604 
160220 
131600 
159488 
128323 
135276 
133341 
136883 
141823 
145172 
136223 
127573 
145486 
144156 
121631 
112881 
114409 
159196 
115685 
106782 
127280 
127399 
140611 
135763 
150669 
116513 
109385 
115726 
130215 
159699 
143093 
139141 
116307 
110583 
159885 
128488 
122006 
122007 
130460 
149878 
148296 
105406 
117210 
144625 
144681 
138537 
125526 
122002 
108567 
130149 
144894 
149739 
105459 
113094 
114262 
136169 
117069 
128926 
131488 
150763 
161472 
108540 
160126 
111708 
116512 
143352 
104141 
105803 
122794 
109613 
139614 
103646 
130336 
118654 
106252 
148094 
116723 
104047 
150478 
160108 
159240 
127554 
146000 
162143 
105028 
161591 
145818 
151235 
132490 
116521 
161481 
144598 
130169 
142799 
160280 
139729 
121778 
128476 
148351 
143094 
121773 
139715 
133649 
133005 
143821 
145034 
103642 
143002 
109529 
129779 
142276 
146327 
115349 
113401 
114784 
151271 
159796 
127326 
150298 
153751 
119737 
112975 
114503 
127395 
150600 
162127 
115414 
135712 
106072 
149768 
107101 
142852 
113008 
114703 
119882 
120669 
143174 
159894 
121718 
110358 
133056 
135985 
106227 
116213 
108137 
142936 
105567 
136209 
141662 
143460 
109391 
159941 
129778 
160082 
113517 
114900 
111374 
151880 
144130 
116722 
122661 
136355 
143811 
133274 
136816 
121806 
110144 
136047 
136015 
142165 
120305 
159763 
143931 
116140 
129769 
139790 
106011 
109465 
141801 
145151 
138685 
144941 
127742 
135454 
146096 
113046 
114214 
120349 
127564 
117202 
129768 
136424 
145365 
122212 
125864 
130150 
106532 
143305 
143319 
113402 
114785 
131059 
144895 
140394 
127867 
142827 
107455 
104163 
145657 
116260 
141438 
141440 
148522 
148524 
135986 
151171 
149880 
159818 
138610 
116735 
150206 
104968 
113077 
114245 
103777 
106741 
120301 
139621 
110790 
161600 
161606 
110813 
116545 
151435 
118436 
115395 
131321 
150879 
104232 
115715 
118576 
123879 
159949 
125607 
116627 
118139 
149556 
115458 
122710 
122610 
105671 
106350 
105249 
140485 
105629 
117117 
130230 
120848 
150618 
144185 
161732 
132935 
144725 
111900 
126332 
118384 
106329 
115486 
130217 
108499 
116468 
119657 
115181 
135072 
138955 
116048 
144913 
143068 
151562 
122166 
149310 
108640 
161528 
144781 
116417 
150277 
110362 
133715 
107109 
115666 
112181 
113225 
114589 
159634 
151715 
117015 
160020 
143836 
103599 
135292 
108410 
108141 
110895 
126364 
131523 
132700 
115245 
131304 
116674 
120976 
129984 
136615 
111762 
112324 
128113 
151770 
153783 
133383 
136271 
134760 
110571 
115508 
116561 
104272 
125405 
149589 
145644 
145649 
107895 
103621 
150665 
128927 
131489 
113569 
114952 
143399 
153750 
135535 
133729 
125294 
119923 
105595 
122772 
122544 
120541 
122377 
141467 
148551 
138684 
122850 
138676 
143198 
128897 
131459 
111024 
148884 
125437 
105095 
105096 
118641 
131183 
103778 
146145 
120810 
137037 
111637 
121660 
160225 
142883 
119796 
104515 
139482 
108015 
120442 
110455 
110058 
110271 
145398 
134813 
148095 
136960 
160438 
105523 
151863 
109949 
118008 
144425 
111029 
144228 
148985 
138650 
123391 
132392 
105932 
132575 
116043 
134863 
147855 
142129 
159715 
130176 
121659 
108715 
119807 
123553 
125621 
120446 
141330 
148414 
110242 
126058 
151553 
110261 
121774 
160334 
116293 
149992 
104876 
116810 
136461 
115886 
105860 
117617 
117618 
151691 
145393 
141769 
145119 
125682 
104707 
