Photon    Tot. w/  
Energy    Coherent 

1.000E-03 4.653E+03 
1.500E-03 2.089E+03 
2.000E-03 1.137E+03 
2.206E-03 9.188E+02 
2.206E-03 9.937E+02 
2.248E-03 1.486E+03 
2.291E-03 2.225E+03 
2.291E-03 2.358E+03 
2.507E-03 2.278E+03 
2.743E-03 2.202E+03 
2.743E-03 2.539E+03 
3.000E-03 2.049E+03 
3.148E-03 1.822E+03 
3.148E-03 1.933E+03 
3.283E-03 1.750E+03 
3.425E-03 1.585E+03 
3.425E-03 1.652E+03 
4.000E-03 1.144E+03 
5.000E-03 6.660E+02 
6.000E-03 4.252E+02 
8.000E-03 2.072E+02 
1.000E-02 1.181E+02 
1.192E-02 7.583E+01 
1.192E-02 1.870E+02 
1.279E-02 1.549E+02 
1.373E-02 1.283E+02 
1.373E-02 1.764E+02 
1.404E-02 1.674E+02 
1.435E-02 1.588E+02 
1.435E-02 1.830E+02 
1.500E-02 1.637E+02 
2.000E-02 7.881E+01 
3.000E-02 2.752E+01 
4.000E-02 1.298E+01 
5.000E-02 7.258E+00 
6.000E-02 4.529E+00 
8.000E-02 2.185E+00 
8.072E-02 2.136E+00 
8.072E-02 8.902E+00 
1.000E-01 5.158E+00 
1.500E-01 1.859E+00 
2.000E-01 9.215E-01 
