20799617
20820993
20799618
20820994
20799026
20820210
20799027
20820211
20799042
20820581
20799043
20820582
20822021
20822022
20821224
20821225
20821677
20821678
20799034
20820575
20799035
20820576
20821002
20821003
20821004
20822000
20822001
20825333
20824744
20845418
20845419
20846640
20846641
20892585
20892586
20892100
20892101
20893335
20893336
20893487
20893488
20893489
20969162
20969163
20967994
20967995
20969391
20969392
20967716
20967717
20939694
20967424
20939695
20967425
20939692
20967422
20939693
20967423
20939697
20967427
20939698
20967428
20939699
20967429
20939696
20967426
21020576
21019611
21019612
21019613
21020218
21020219
21021450
21021451