	1.000E-03	1.04E+00	1.68E-02	2.21E+03	0.00E+00	0.00E+00	2.21E+03	2.21E+03
	1.167E-03	1.00E+00	2.19E-02	1.44E+03	0.00E+00	0.00E+00	1.44E+03	1.44E+03
	1.333E-03	9.64E-01	2.74E-02	9.89E+02	0.00E+00	0.00E+00	9.90E+02	9.90E+02
	1.500E-03	9.27E-01	3.32E-02	7.09E+02	0.00E+00	0.00E+00	7.10E+02	7.09E+02
	1.667E-03	8.88E-01	3.91E-02	5.24E+02	0.00E+00	0.00E+00	5.25E+02	5.24E+02
	1.833E-03	8.48E-01	4.50E-02	3.98E+02	0.00E+00	0.00E+00	3.99E+02	3.98E+02
	2.000E-03	8.09E-01	5.08E-02	3.09E+02	0.00E+00	0.00E+00	3.10E+02	3.09E+02
	2.333E-03	7.33E-01	6.21E-02	1.96E+02	0.00E+00	0.00E+00	1.97E+02	1.96E+02
	2.667E-03	6.64E-01	7.28E-02	1.32E+02	0.00E+00	0.00E+00	1.33E+02	1.32E+02
	3.000E-03	6.02E-01	8.26E-02	9.28E+01	0.00E+00	0.00E+00	9.35E+01	9.29E+01
	3.333E-03	5.46E-01	9.15E-02	6.76E+01	0.00E+00	0.00E+00	6.82E+01	6.77E+01
	3.667E-03	4.97E-01	9.95E-02	5.06E+01	0.00E+00	0.00E+00	5.12E+01	5.07E+01
	4.000E-03	4.54E-01	1.07E-01	3.89E+01	0.00E+00	0.00E+00	3.94E+01	3.90E+01
	4.333E-03	4.16E-01	1.13E-01	3.04E+01	0.00E+00	0.00E+00	3.09E+01	3.05E+01
	4.667E-03	3.83E-01	1.19E-01	2.42E+01	0.00E+00	0.00E+00	2.47E+01	2.43E+01
	5.000E-03	3.54E-01	1.24E-01	1.96E+01	0.00E+00	0.00E+00	2.01E+01	1.97E+01
	5.333E-03	3.29E-01	1.28E-01	1.60E+01	0.00E+00	0.00E+00	1.65E+01	1.62E+01
	5.667E-03	3.06E-01	1.32E-01	1.33E+01	0.00E+00	0.00E+00	1.37E+01	1.34E+01
	6.000E-03	2.87E-01	1.36E-01	1.11E+01	0.00E+00	0.00E+00	1.15E+01	1.12E+01
	6.667E-03	2.53E-01	1.42E-01	7.99E+00	0.00E+00	0.00E+00	8.38E+00	8.13E+00
	7.333E-03	2.26E-01	1.47E-01	5.92E+00	0.00E+00	0.00E+00	6.29E+00	6.07E+00
	8.000E-03	2.04E-01	1.52E-01	4.50E+00	0.00E+00	0.00E+00	4.85E+00	4.65E+00
	8.667E-03	1.85E-01	1.55E-01	3.49E+00	0.00E+00	0.00E+00	3.83E+00	3.65E+00
	9.333E-03	1.69E-01	1.59E-01	2.76E+00	0.00E+00	0.00E+00	3.09E+00	2.92E+00
	1.000E-02	1.56E-01	1.62E-01	2.21E+00	0.00E+00	0.00E+00	2.53E+00	2.37E+00
	1.167E-02	1.29E-01	1.68E-01	1.35E+00	0.00E+00	0.00E+00	1.65E+00	1.52E+00
	1.333E-02	1.09E-01	1.73E-01	8.79E-01	0.00E+00	0.00E+00	1.16E+00	1.05E+00
	1.500E-02	9.30E-02	1.76E-01	6.00E-01	0.00E+00	0.00E+00	8.70E-01	7.77E-01
	1.667E-02	8.04E-02	1.79E-01	4.26E-01	0.00E+00	0.00E+00	6.86E-01	6.06E-01
	1.833E-02	7.00E-02	1.82E-01	3.13E-01	0.00E+00	0.00E+00	5.64E-01	4.94E-01
	2.000E-02	6.15E-02	1.84E-01	2.35E-01	0.00E+00	0.00E+00	4.80E-01	4.19E-01
	2.333E-02	4.84E-02	1.86E-01	1.42E-01	0.00E+00	0.00E+00	3.76E-01	3.28E-01
	2.667E-02	3.90E-02	1.87E-01	9.15E-02	0.00E+00	0.00E+00	3.18E-01	2.79E-01
	3.000E-02	3.20E-02	1.88E-01	6.21E-02	0.00E+00	0.00E+00	2.82E-01	2.50E-01
	3.333E-02	2.68E-02	1.88E-01	4.38E-02	0.00E+00	0.00E+00	2.58E-01	2.32E-01
	3.667E-02	2.27E-02	1.87E-01	3.20E-02	0.00E+00	0.00E+00	2.42E-01	2.19E-01
	4.000E-02	1.95E-02	1.87E-01	2.39E-02	0.00E+00	0.00E+00	2.30E-01	2.11E-01
	4.333E-02	1.69E-02	1.86E-01	1.84E-02	0.00E+00	0.00E+00	2.21E-01	2.04E-01
	4.667E-02	1.48E-02	1.85E-01	1.44E-02	0.00E+00	0.00E+00	2.14E-01	1.99E-01
	5.000E-02	1.31E-02	1.84E-01	1.14E-02	0.00E+00	0.00E+00	2.08E-01	1.95E-01
	5.333E-02	1.16E-02	1.82E-01	9.21E-03	0.00E+00	0.00E+00	2.03E-01	1.92E-01
	5.667E-02	1.04E-02	1.81E-01	7.53E-03	0.00E+00	0.00E+00	1.99E-01	1.89E-01
	6.000E-02	9.35E-03	1.80E-01	6.22E-03	0.00E+00	0.00E+00	1.95E-01	1.86E-01
	6.667E-02	7.69E-03	1.77E-01	4.38E-03	0.00E+00	0.00E+00	1.89E-01	1.82E-01
	7.333E-02	6.43E-03	1.75E-01	3.19E-03	0.00E+00	0.00E+00	1.84E-01	1.78E-01
	8.000E-02	5.45E-03	1.72E-01	2.39E-03	0.00E+00	0.00E+00	1.80E-01	1.74E-01
	8.667E-02	4.68E-03	1.69E-01	1.83E-03	0.00E+00	0.00E+00	1.76E-01	1.71E-01
	9.333E-02	4.06E-03	1.67E-01	1.43E-03	0.00E+00	0.00E+00	1.72E-01	1.68E-01
	1.000E-01	3.55E-03	1.64E-01	1.14E-03	0.00E+00	0.00E+00	1.69E-01	1.66E-01
	1.167E-01	2.64E-03	1.59E-01	6.83E-04	0.00E+00	0.00E+00	1.62E-01	1.59E-01
	1.333E-01	2.03E-03	1.54E-01	4.40E-04	0.00E+00	0.00E+00	1.56E-01	1.54E-01
	1.500E-01	1.61E-03	1.49E-01	2.99E-04	0.00E+00	0.00E+00	1.51E-01	1.49E-01
	1.667E-01	1.31E-03	1.44E-01	2.12E-04	0.00E+00	0.00E+00	1.46E-01	1.45E-01
	1.833E-01	1.08E-03	1.40E-01	1.56E-04	0.00E+00	0.00E+00	1.42E-01	1.40E-01
	2.000E-01	9.13E-04	1.37E-01	1.18E-04	0.00E+00	0.00E+00	1.38E-01	1.37E-01
	2.333E-01	6.73E-04	1.30E-01	7.21E-05	0.00E+00	0.00E+00	1.31E-01	1.30E-01
	2.667E-01	5.16E-04	1.24E-01	4.75E-05	0.00E+00	0.00E+00	1.25E-01	1.24E-01
	3.000E-01	4.08E-04	1.19E-01	3.31E-05	0.00E+00	0.00E+00	1.19E-01	1.19E-01
	3.333E-01	3.31E-04	1.14E-01	2.41E-05	0.00E+00	0.00E+00	1.15E-01	1.14E-01
	3.667E-01	2.74E-04	1.10E-01	1.82E-05	0.00E+00	0.00E+00	1.11E-01	1.10E-01
	4.000E-01	2.30E-04	1.07E-01	1.41E-05	0.00E+00	0.00E+00	1.07E-01	1.07E-01
	4.333E-01	1.96E-04	1.03E-01	1.13E-05	0.00E+00	0.00E+00	1.04E-01	1.03E-01
	4.667E-01	1.69E-04	1.00E-01	9.17E-06	0.00E+00	0.00E+00	1.00E-01	1.00E-01
	5.000E-01	1.47E-04	9.74E-02	7.61E-06	0.00E+00	0.00E+00	9.76E-02	9.75E-02
	5.333E-01	1.30E-04	9.48E-02	6.42E-06	0.00E+00	0.00E+00	9.50E-02	9.48E-02
	5.667E-01	1.15E-04	9.24E-02	5.49E-06	0.00E+00	0.00E+00	9.25E-02	9.24E-02
	6.000E-01	1.02E-04	9.01E-02	4.73E-06	0.00E+00	0.00E+00	9.02E-02	9.01E-02
	8.000E-01	5.76E-05	7.92E-02	2.39E-06	0.00E+00	0.00E+00	7.93E-02	7.92E-02
	1.000E+00	3.69E-05	7.12E-02	1.48E-06	0.00E+00	0.00E+00	7.13E-02	7.12E-02