  30      0   0.0  9.421376e+004      1.52
  30      5   0.0  9.108316e+004      1.46
  30     10   0.0  8.926091e+004      1.42
  30     15   0.0  8.818705e+004      1.40
  30    100   0.0  8.641655e+004      1.36
  30      0   0.5  9.538712e+004      1.54
  30      5   0.5  9.216398e+004      1.48
  30     10   0.5  9.030772e+004      1.44
  30     15   0.5  8.922817e+004      1.42
  30    100   0.5  8.753176e+004      1.38
  30      0   1.0  9.650700e+004      1.57
  30      5   1.0  9.319666e+004      1.50
  30     10   1.0  9.130988e+004      1.47
  30     15   1.0  9.022663e+004      1.44
  30    100   1.0  8.860300e+004      1.41
  30      0   1.5  9.757805e+004      1.60
  30      5   1.5  9.418580e+004      1.53
  30     10   1.5  9.227195e+004      1.49
  30     15   1.5  9.118690e+004      1.47
  30    100   1.5  8.963485e+004      1.43
  30      0   2.0  9.860409e+004      1.62
  30      5   2.0  9.513534e+004      1.55
  30     10   2.0  9.319780e+004      1.51
  30     15   2.0  9.211277e+004      1.49
  30    100   2.0  9.063113e+004      1.45
  30      0   2.5  9.958855e+004      1.64
  30      5   2.5  9.604864e+004      1.57
  30     10   2.5  9.409080e+004      1.53
  30     15   2.5  9.300755e+004      1.51
  30    100   2.5  9.159519e+004      1.47
  30      0   3.0  1.005344e+005      1.66
  30      5   3.0  9.692866e+004      1.59
  30     10   3.0  9.495385e+004      1.55
  30     15   3.0  9.387406e+004      1.53
  30    100   3.0  9.252980e+004      1.49
  30      0   3.5  1.014441e+005      1.69
  30      5   3.5  9.777796e+004      1.61
  30     10   3.5  9.578946e+004      1.57
  30     15   3.5  9.471470e+004      1.54
  30    100   3.5  9.343745e+004      1.51
  30      0   4.0  1.023200e+005      1.71
  30      5   4.0  9.859879e+004      1.63
  30     10   4.0  9.659983e+004      1.59
  30     15   4.0  9.553163e+004      1.56
  30    100   4.0  9.432017e+004      1.53
  30      0   4.5  1.031641e+005      1.73
  30      5   4.5  9.939309e+004      1.65
  30     10   4.5  9.738687e+004      1.60
  30     15   4.5  9.632668e+004      1.58
  30    100   4.5  9.517982e+004      1.55
  30      0   5.0  1.039782e+005      1.74
  30      5   5.0  1.001626e+005      1.66
  30     10   5.0  9.815222e+004      1.62
  30     15   5.0  9.710146e+004      1.60
  30    100   5.0  9.601791e+004      1.57
  35      0   0.0  1.178119e+005      2.00
  35      5   0.0  1.155632e+005      1.95
  35     10   0.0  1.135683e+005      1.91
  35     15   0.0  1.119672e+005      1.87
  35    100   0.0  1.090605e+005      1.80
  35      0   0.5  1.193319e+005      2.04
  35      5   0.5  1.170730e+005      1.99
  35     10   0.5  1.150853e+005      1.95
  35     15   0.5  1.135121e+005      1.91
  35    100   0.5  1.107976e+005      1.84
  35      0   1.0  1.207638e+005      2.08
  35      5   1.0  1.184965e+005      2.03
  35     10   1.0  1.165182e+005      1.98
  35     15   1.0  1.149747e+005      1.95
  35    100   1.0  1.124459e+005      1.88
  35      0   1.5  1.221149e+005      2.11
  35      5   1.5  1.198409e+005      2.06
  35     10   1.5  1.178738e+005      2.02
  35     15   1.5  1.163615e+005      1.98
  35    100   1.5  1.140113e+005      1.92
  35      0   2.0  1.233921e+005      2.14
  35      5   2.0  1.211127e+005      2.09
  35     10   2.0  1.191582e+005      2.05
  35     15   2.0  1.176782e+005      2.01
  35    100   2.0  1.154989e+005      1.96
  35      0   2.5  1.246012e+005      2.18
  35      5   2.5  1.223175e+005      2.12
  35     10   2.5  1.203767e+005      2.08
  35     15   2.5  1.189298e+005      2.05
  35    100   2.5  1.169135e+005      1.99
  35      0   3.0  1.257475e+005      2.21
  35      5   3.0  1.234605e+005      2.15
  35     10   3.0  1.215343e+005      2.11
  35     15   3.0  1.201210e+005      2.08
  35    100   3.0  1.182594e+005      2.03
  35      0   3.5  1.268359e+005      2.23
  35      5   3.5  1.245461e+005      2.18
  35     10   3.5  1.226354e+005      2.14
  35     15   3.5  1.212558e+005      2.10
  35    100   3.5  1.195408e+005      2.06
  35      0   4.0  1.278706e+005      2.26
  35      5   4.0  1.255787e+005      2.21
  35     10   4.0  1.236839e+005      2.17
  35     15   4.0  1.223381e+005      2.13
  35    100   4.0  1.207614e+005      2.09
  35      0   4.5  1.288555e+005      2.29
  35      5   4.5  1.265620e+005      2.23
  35     10   4.5  1.246834e+005      2.19
  35     15   4.5  1.233713e+005      2.16
  35    100   4.5  1.219250e+005      2.12
  35      0   5.0  1.297941e+005      2.31
  35      5   5.0  1.274993e+005      2.26
  35     10   5.0  1.256372e+005      2.22
  35     15   5.0  1.243585e+005      2.18
  35    100   5.0  1.230348e+005      2.15
  40      0   0.0  1.374390e+005      2.42
  40      5   0.0  1.343270e+005      2.35
  40     10   0.0  1.321567e+005      2.30
  40     15   0.0  1.304851e+005      2.26
  40    100   0.0  1.270763e+005      2.17
  40      0   0.5  1.392426e+005      2.46
  40      5   0.5  1.360727e+005      2.40
  40     10   0.5  1.338895e+005      2.35
  40     15   0.5  1.322283e+005      2.31
  40    100   0.5  1.290275e+005      2.22
  40      0   1.0  1.409483e+005      2.51
  40      5   1.0  1.377219e+005      2.44
  40     10   1.0  1.355267e+005      2.39
  40     15   1.0  1.338766e+005      2.35
  40    100   1.0  1.308705e+005      2.27
  40      0   1.5  1.425648e+005      2.55
  40      5   1.5  1.392833e+005      2.48
  40     10   1.5  1.370771e+005      2.43
  40     15   1.5  1.354387e+005      2.39
  40    100   1.5  1.326146e+005      2.32
  40      0   2.0  1.441002e+005      2.59
  40      5   2.0  1.407648e+005      2.52
  40     10   2.0  1.385484e+005      2.47
  40     15   2.0  1.369220e+005      2.43
  40    100   2.0  1.342679e+005      2.36
  40      0   2.5  1.455613e+005      2.63
  40      5   2.5  1.421731e+005      2.56
  40     10   2.5  1.399474e+005      2.51
  40     15   2.5  1.383332e+005      2.47
  40    100   2.5  1.358378e+005      2.40
  40      0   3.0  1.469543e+005      2.67
  40      5   3.0  1.435144e+005      2.60
  40     10   3.0  1.412799e+005      2.54
  40     15   3.0  1.396782e+005      2.51
  40    100   3.0  1.373307e+005      2.44
  40      0   3.5  1.482846e+005      2.71
  40      5   3.5  1.447940e+005      2.63
  40     10   3.5  1.425513e+005      2.58
  40     15   3.5  1.409623e+005      2.54
  40    100   3.5  1.387528e+005      2.48
  40      0   4.0  1.495570e+005      2.74
  40      5   4.0  1.460167e+005      2.66
  40     10   4.0  1.437665e+005      2.61
  40     15   4.0  1.421903e+005      2.57
  40    100   4.0  1.401093e+005      2.51
  40      0   4.5  1.507760e+005      2.77
  40      5   4.5  1.471867e+005      2.69
  40     10   4.5  1.449295e+005      2.64
  40     15   4.5  1.433663e+005      2.60
  40    100   4.5  1.414052e+005      2.55
  40      0   5.0  1.519452e+005      2.81
  40      5   5.0  1.483080e+005      2.72
  40     10   5.0  1.460443e+005      2.67
  40     15   5.0  1.444941e+005      2.63
  40    100   5.0  1.426449e+005      2.58
  45      0   0.0  1.578343e+005      2.86
  45      5   0.0  1.550605e+005      2.79
  45     10   0.0  1.524880e+005      2.74
  45     15   0.0  1.502773e+005      2.68
  45    100   0.0  1.458533e+005      2.57
  45      0   0.5  1.599668e+005      2.92
  45      5   0.5  1.571632e+005      2.85
  45     10   0.5  1.545720e+005      2.79
  45     15   0.5  1.523586e+005      2.74
  45    100   0.5  1.481330e+005      2.63
  45      0   1.0  1.619882e+005      2.97
  45      5   1.0  1.591565e+005      2.91
  45     10   1.0  1.565485e+005      2.85
  45     15   1.0  1.543342e+005      2.79
  45    100   1.0  1.502940e+005      2.69
  45      0   1.5  1.639083e+005      3.03
  45      5   1.5  1.610504e+005      2.96
  45     10   1.5  1.584273e+005      2.90
  45     15   1.5  1.562135e+005      2.85
  45    100   1.5  1.523466e+005      2.74
  45      0   2.0  1.657357e+005      3.08
  45      5   2.0  1.628533e+005      3.01
  45     10   2.0  1.602167e+005      2.95
  45     15   2.0  1.580048e+005      2.90
  45    100   2.0  1.543000e+005      2.79
  45      0   2.5  1.674781e+005      3.13
  45      5   2.5  1.645725e+005      3.06
  45     10   2.5  1.619242e+005      3.00
  45     15   2.5  1.597154e+005      2.94
  45    100   2.5  1.561625e+005      2.85
  45      0   3.0  1.691421e+005      3.18
  45      5   3.0  1.662149e+005      3.11
  45     10   3.0  1.635561e+005      3.04
  45     15   3.0  1.613518e+005      2.99
  45    100   3.0  1.579414e+005      2.89
  45      0   3.5  1.707337e+005      3.22
  45      5   3.5  1.677861e+005      3.15
  45     10   3.5  1.651183e+005      3.09
  45     15   3.5  1.629196e+005      3.03
  45    100   3.5  1.596431e+005      2.94
  45      0   4.0  1.722580e+005      3.27
  45      5   4.0  1.692915e+005      3.20
  45     10   4.0  1.666160e+005      3.13
  45     15   4.0  1.644237e+005      3.07
  45    100   4.0  1.612735e+005      2.99
  45      0   4.5  1.737199e+005      3.31
  45      5   4.5  1.707356e+005      3.24
  45     10   4.5  1.680535e+005      3.17
  45     15   4.5  1.658689e+005      3.12
  45    100   4.5  1.628378e+005      3.03
  45      0   5.0  1.751235e+005      3.35
  45      5   5.0  1.721226e+005      3.28
  45     10   5.0  1.694352e+005      3.21
  45     15   5.0  1.672592e+005      3.15
  45    100   5.0  1.643406e+005      3.07
  50      0   0.0  1.743729e+005      3.24
  50      5   0.0  1.715309e+005      3.17
  50     10   0.0  1.691002e+005      3.11
  50     15   0.0  1.669692e+005      3.06
  50    100   0.0  1.615462e+005      2.91
  50      0   0.5  1.767050e+005      3.31
  50      5   0.5  1.738309e+005      3.24
  50     10   0.5  1.713854e+005      3.18
  50     15   0.5  1.692525e+005      3.13
  50    100   0.5  1.640210e+005      2.98
  50      0   1.0  1.789156e+005      3.37
  50      5   1.0  1.760112e+005      3.30
  50     10   1.0  1.735523e+005      3.24
  50     15   1.0  1.714189e+005      3.19
  50    100   1.0  1.663675e+005      3.05
  50      0   1.5  1.810157e+005      3.44
  50      5   1.5  1.780825e+005      3.36
  50     10   1.5  1.756115e+005      3.30
  50     15   1.5  1.734787e+005      3.25
  50    100   1.5  1.685969e+005      3.11
  50      0   2.0  1.830142e+005      3.50
  50      5   2.0  1.800538e+005      3.42
  50     10   2.0  1.775720e+005      3.36
  50     15   2.0  1.754409e+005      3.31
  50    100   2.0  1.707193e+005      3.17
  50      0   2.5  1.849197e+005      3.55
  50      5   2.5  1.819332e+005      3.48
  50     10   2.5  1.794419e+005      3.42
  50     15   2.5  1.773135e+005      3.36
  50    100   2.5  1.727433e+005      3.23
  50      0   3.0  1.867393e+005      3.61
  50      5   3.0  1.837280e+005      3.53
  50     10   3.0  1.812280e+005      3.47
  50     15   3.0  1.791033e+005      3.41
  50    100   3.0  1.746765e+005      3.29
  50      0   3.5  1.884793e+005      3.66
  50      5   3.5  1.854444e+005      3.58
  50     10   3.5  1.829370e+005      3.52
  50     15   3.5  1.808165e+005      3.46
  50    100   3.5  1.765260e+005      3.34
  50      0   4.0  1.901455e+005      3.71
  50      5   4.0  1.870881e+005      3.63
  50     10   4.0  1.845740e+005      3.57
  50     15   4.0  1.824587e+005      3.51
  50    100   4.0  1.782979e+005      3.39
  50      0   4.5  1.917430e+005      3.76
  50      5   4.5  1.886641e+005      3.68
  50     10   4.5  1.861442e+005      3.62
  50     15   4.5  1.840348e+005      3.56
  50    100   4.5  1.799976e+005      3.44
  50      0   5.0  1.932765e+005      3.81
  50      5   5.0  1.901771e+005      3.73
  50     10   5.0  1.876522e+005      3.66
  50     15   5.0  1.855493e+005      3.61
  50    100   5.0  1.816301e+005      3.49
  55      0   0.0  1.906990e+005      3.64
  55      5   0.0  1.877467e+005      3.56
  55     10   0.0  1.850386e+005      3.49
  55     15   0.0  1.826954e+005      3.43
  55    100   0.0  1.763588e+005      3.25
  55      0   0.5  1.932339e+005      3.72
  55      5   0.5  1.902530e+005      3.64
  55     10   0.5  1.875255e+005      3.57
  55     15   0.5  1.851753e+005      3.51
  55    100   0.5  1.790237e+005      3.33
  55      0   1.0  1.956375e+005      3.79
  55      5   1.0  1.926298e+005      3.71
  55     10   1.0  1.898845e+005      3.64
  55     15   1.0  1.875289e+005      3.58
  55    100   1.0  1.815527e+005      3.41
  55      0   1.5  1.979211e+005      3.86
  55      5   1.5  1.948885e+005      3.78
  55     10   1.5  1.921269e+005      3.71
  55     15   1.5  1.897671e+005      3.65
  55    100   1.5  1.839579e+005      3.48
  55      0   2.0  2.000950e+005      3.93
  55      5   2.0  1.970390e+005      3.85
  55     10   2.0  1.942625e+005      3.78
  55     15   2.0  1.918997e+005      3.71
  55    100   2.0  1.862496e+005      3.55
  55      0   2.5  2.021679e+005      4.00
  55      5   2.5  1.990898e+005      3.92
  55     10   2.5  1.962998e+005      3.84
  55     15   2.5  1.939352e+005      3.78
  55    100   2.5  1.884369e+005      3.62
  55      0   3.0  2.041476e+005      4.06
  55      5   3.0  2.010488e+005      3.98
  55     10   3.0  1.982465e+005      3.90
  55     15   3.0  1.958810e+005      3.84
  55    100   3.0  1.905279e+005      3.68
  55      0   3.5  2.060410e+005      4.13
  55      5   3.5  2.029227e+005      4.04
  55     10   3.5  2.001093e+005      3.96
  55     15   3.5  1.977436e+005      3.90
  55    100   3.5  1.925300e+005      3.74
  55      0   4.0  2.078542e+005      4.19
  55      5   4.0  2.047176e+005      4.10
  55     10   4.0  2.018941e+005      4.02
  55     15   4.0  1.995294e+005      3.95
  55    100   4.0  1.944494e+005      3.80
  55      0   4.5  2.095930e+005      4.24
  55      5   4.5  2.064390e+005      4.15
  55     10   4.5  2.036064e+005      4.07
  55     15   4.5  2.012433e+005      4.01
  55    100   4.5  1.962919e+005      3.86
  55      0   5.0  2.112621e+005      4.30
  55      5   5.0  2.080919e+005      4.21
  55     10   5.0  2.052511e+005      4.13
  55     15   5.0  2.028903e+005      4.06
  55    100   5.0  1.980628e+005      3.91
  60      0   0.0  2.040392e+005      4.00
  60      5   0.0  2.015116e+005      3.92
  60     10   0.0  1.990060e+005      3.85
  60     15   0.0  1.966541e+005      3.79
  60    100   0.0  1.894303e+005      3.58
  60      0   0.5  2.066746e+005      4.08
  60      5   0.5  2.041362e+005      4.01
  60     10   0.5  2.016213e+005      3.94
  60     15   0.5  1.992659e+005      3.87
  60    100   0.5  1.922229e+005      3.67
  60      0   1.0  2.091708e+005      4.17
  60      5   1.0  2.066228e+005      4.09
  60     10   1.0  2.041002e+005      4.02
  60     15   1.0  2.017424e+005      3.95
  60    100   1.0  1.948716e+005      3.75
  60      0   1.5  2.115398e+005      4.25
  60      5   1.5  2.089836e+005      4.17
  60     10   1.5  2.064545e+005      4.10
  60     15   1.5  2.040956e+005      4.03
  60    100   1.5  1.973888e+005      3.83
  60      0   2.0  2.137925e+005      4.32
  60      5   2.0  2.112291e+005      4.25
  60     10   2.0  2.086948e+005      4.17
  60     15   2.0  2.063358e+005      4.10
  60    100   2.0  1.997857e+005      3.90
  60      0   2.5  2.159379e+005      4.40
  60      5   2.5  2.133685e+005      4.32
  60     10   2.5  2.108300e+005      4.25
  60     15   2.5  2.084718e+005      4.18
  60    100   2.5  2.020720e+005      3.98
  60      0   3.0  2.179847e+005      4.47
  60      5   3.0  2.154102e+005      4.39
  60     10   3.0  2.128682e+005      4.31
  60     15   3.0  2.105120e+005      4.24
  60    100   3.0  2.042564e+005      4.05
  60      0   3.5  2.199399e+005      4.54
  60      5   3.5  2.173611e+005      4.46
  60     10   3.5  2.148169e+005      4.38
  60     15   3.5  2.124632e+005      4.31
  60    100   3.5  2.063465e+005      4.12
  60      0   4.0  2.218102e+005      4.60
  60      5   4.0  2.192281e+005      4.52
  60     10   4.0  2.166823e+005      4.44
  60     15   4.0  2.143320e+005      4.37
  60    100   4.0  2.083489e+005      4.18
  60      0   4.5  2.236017e+005      4.67
  60      5   4.5  2.210169e+005      4.58
  60     10   4.5  2.184702e+005      4.51
  60     15   4.5  2.161240e+005      4.43
  60    100   4.5  2.102700e+005      4.25
  60      0   5.0  2.253196e+005      4.73
  60      5   5.0  2.227326e+005      4.65
  60     10   5.0  2.201859e+005      4.57
  60     15   5.0  2.178442e+005      4.49
  60    100   5.0  2.121151e+005      4.31
  65      0   0.0  2.155361e+005      4.34
  65      5   0.0  2.130003e+005      4.26
  65     10   0.0  2.106471e+005      4.19
  65     15   0.0  2.084614e+005      4.12
  65    100   0.0  2.006248e+005      3.88
  65      0   0.5  2.182216e+005      4.44
  65      5   0.5  2.156793e+005      4.36
  65     10   0.5  2.133237e+005      4.28
  65     15   0.5  2.111403e+005      4.22
  65    100   0.5  2.034930e+005      3.97
  65      0   1.0  2.207616e+005      4.53
  65      5   1.0  2.182142e+005      4.45
  65     10   1.0  2.158572e+005      4.37
  65     15   1.0  2.136772e+005      4.30
  65    100   1.0  2.062100e+005      4.07
  65      0   1.5  2.231691e+005      4.62
  65      5   1.5  2.206176e+005      4.53
  65     10   1.5  2.182603e+005      4.46
  65     15   1.5  2.160845e+005      4.39
  65    100   1.5  2.087893e+005      4.15
  65      0   2.0  2.254550e+005      4.70
  65      5   2.0  2.229005e+005      4.61
  65     10   2.0  2.205438e+005      4.54
  65     15   2.0  2.183732e+005      4.47
  65    100   2.0  2.112423e+005      4.23
  65      0   2.5  2.276294e+005      4.78
  65      5   2.5  2.250729e+005      4.69
  65     10   2.5  2.227175e+005      4.62
  65     15   2.5  2.205526e+005      4.54
  65    100   2.5  2.135793e+005      4.31
  65      0   3.0  2.297009e+005      4.86
  65      5   3.0  2.271432e+005      4.77
  65     10   3.0  2.247900e+005      4.69
  65     15   3.0  2.226314e+005      4.62
  65    100   3.0  2.158095e+005      4.39
  65      0   3.5  2.316773e+005      4.93
  65      5   3.5  2.291191e+005      4.84
  65     10   3.5  2.267687e+005      4.76
  65     15   3.5  2.246170e+005      4.69
  65    100   3.5  2.179407e+005      4.47
  65      0   4.0  2.335655e+005      5.01
  65      5   4.0  2.310075e+005      4.91
  65     10   4.0  2.286604e+005      4.83
  65     15   4.0  2.265162e+005      4.76
  65    100   4.0  2.199803e+005      4.54
  65      0   4.5  2.353718e+005      5.07
  65      5   4.5  2.328145e+005      4.98
  65     10   4.5  2.304713e+005      4.90
  65     15   4.5  2.283349e+005      4.83
  65    100   4.5  2.219346e+005      4.61
  65      0   5.0  2.371017e+005      5.14
  65      5   5.0  2.345458e+005      5.05
  65     10   5.0  2.322069e+005      4.96
  65     15   5.0  2.300787e+005      4.89
  65    100   5.0  2.238093e+005      4.67
  70      0   0.0  2.259146e+005      4.70
  70      5   0.0  2.234769e+005      4.61
  70     10   0.0  2.211495e+005      4.53
  70     15   0.0  2.189942e+005      4.46
  70    100   0.0  2.106671e+005      4.18
  70      0   0.5  2.286080e+005      4.80
  70      5   0.5  2.261742e+005      4.71
  70     10   0.5  2.238511e+005      4.63
  70     15   0.5  2.217026e+005      4.56
  70    100   0.5  2.135734e+005      4.28
  70      0   1.0  2.311508e+005      4.90
  70      5   1.0  2.287220e+005      4.81
  70     10   1.0  2.264042e+005      4.73
  70     15   1.0  2.242634e+005      4.65
  70    100   1.0  2.163231e+005      4.38
  70      0   1.5  2.335565e+005      5.00
  70      5   1.5  2.311337e+005      4.90
  70     10   1.5  2.288221e+005      4.82
  70     15   1.5  2.266896e+005      4.74
  70    100   1.5  2.189301e+005      4.47
  70      0   2.0  2.358369e+005      5.09
  70      5   2.0  2.334207e+005      4.99
  70     10   2.0  2.311161e+005      4.91
  70     15   2.0  2.289926e+005      4.83
  70    100   2.0  2.214064e+005      4.56
  70      0   2.5  2.380020e+005      5.17
  70      5   2.5  2.355933e+005      5.08
  70     10   2.5  2.332963e+005      4.99
  70     15   2.5  2.311824e+005      4.91
  70    100   2.5  2.237629e+005      4.65
  70      0   3.0  2.400611e+005      5.26
  70      5   3.0  2.376605e+005      5.16
  70     10   3.0  2.353717e+005      5.07
  70     15   3.0  2.332678e+005      4.99
  70    100   3.0  2.260086e+005      4.73
  70      0   3.5  2.420222e+005      5.34
  70      5   3.5  2.396302e+005      5.24
  70     10   3.5  2.373502e+005      5.15
  70     15   3.5  2.352569e+005      5.07
  70    100   3.5  2.281521e+005      4.81
  70      0   4.0  2.438926e+005      5.42
  70      5   4.0  2.415099e+005      5.32
  70     10   4.0  2.392390e+005      5.22
  70     15   4.0  2.371564e+005      5.14
  70    100   4.0  2.302007e+005      4.89
  70      0   4.5  2.456787e+005      5.49
  70      5   4.5  2.433056e+005      5.39
  70     10   4.5  2.410444e+005      5.30
  70     15   4.5  2.389730e+005      5.22
  70    100   4.5  2.321613e+005      4.96
  70      0   5.0  2.473866e+005      5.56
  70      5   5.0  2.450235e+005      5.46
  70     10   5.0  2.427720e+005      5.37
  70     15   5.0  2.407120e+005      5.29
  70    100   5.0  2.340398e+005      5.03
  75      0   0.0  2.349428e+005      5.06
  75      5   0.0  2.327157e+005      4.96
  75     10   0.0  2.305072e+005      4.88
  75     15   0.0  2.284115e+005      4.80
  75    100   0.0  2.197208e+005      4.48
  75      0   0.5  2.375971e+005      5.17
  75      5   0.5  2.353856e+005      5.07
  75     10   0.5  2.331911e+005      4.98
  75     15   0.5  2.311093e+005      4.90
  75    100   0.5  2.226283e+005      4.59
  75      0   1.0  2.400973e+005      5.27
  75      5   1.0  2.379022e+005      5.18
  75     10   1.0  2.357223e+005      5.09
  75     15   1.0  2.336550e+005      5.00
  75    100   1.0  2.253746e+005      4.69
  75      0   1.5  2.424573e+005      5.38
  75      5   1.5  2.402793e+005      5.28
  75     10   1.5  2.381146e+005      5.19
  75     15   1.5  2.360621e+005      5.10
  75    100   1.5  2.279742e+005      4.79
  75      0   2.0  2.446893e+005      5.47
  75      5   2.0  2.425287e+005      5.37
  75     10   2.0  2.403797e+005      5.28
  75     15   2.0  2.383428e+005      5.20
  75    100   2.0  2.304395e+005      4.89
  75      0   2.5  2.468039e+005      5.57
  75      5   2.5  2.446612e+005      5.47
  75     10   2.5  2.425283e+005      5.37
  75     15   2.5  2.405071e+005      5.28
  75    100   2.5  2.327814e+005      4.98
  75      0   3.0  2.488105e+005      5.66
  75      5   3.0  2.466859e+005      5.55
  75     10   3.0  2.445696e+005      5.46
  75     15   3.0  2.425643e+005      5.37
  75    100   3.0  2.350097e+005      5.07
  75      0   3.5  2.507176e+005      5.74
  75      5   3.5  2.486114e+005      5.64
  75     10   3.5  2.465117e+005      5.54
  75     15   3.5  2.445228e+005      5.45
  75    100   3.5  2.371330e+005      5.16
  75      0   4.0  2.525327e+005      5.82
  75      5   4.0  2.504450e+005      5.72
  75     10   4.0  2.483622e+005      5.62
  75     15   4.0  2.463897e+005      5.53
  75    100   4.0  2.391591e+005      5.24
  75      0   4.5  2.542622e+005      5.90
  75      5   4.5  2.521933e+005      5.80
  75     10   4.5  2.501275e+005      5.70
  75     15   4.5  2.481716e+005      5.61
  75    100   4.5  2.410948e+005      5.32
  75      0   5.0  2.559125e+005      5.98
  75      5   5.0  2.538622e+005      5.87
  75     10   5.0  2.518138e+005      5.77
  75     15   5.0  2.498746e+005      5.68
  75    100   5.0  2.429464e+005      5.39
  80      0   0.0  2.423255e+005      5.40
  80      5   0.0  2.403835e+005      5.31
  80     10   0.0  2.384113e+005      5.22
  80     15   0.0  2.364651e+005      5.13
  80    100   0.0  2.276192e+005      4.78
  80      0   0.5  2.449004e+005      5.52
  80      5   0.5  2.429843e+005      5.42
  80     10   0.5  2.410355e+005      5.33
  80     15   0.5  2.391112e+005      5.24
  80    100   0.5  2.304909e+005      4.89
  80      0   1.0  2.473194e+005      5.63
  80      5   1.0  2.454298e+005      5.53
  80     10   1.0  2.435048e+005      5.44
  80     15   1.0  2.416025e+005      5.35
  80    100   1.0  2.331983e+005      5.00
  80      0   1.5  2.495973e+005      5.74
  80      5   1.5  2.477340e+005      5.64
  80     10   1.5  2.458330e+005      5.54
  80     15   1.5  2.439528e+005      5.46
  80    100   1.5  2.357558e+005      5.11
  80      0   2.0  2.517464e+005      5.84
  80      5   2.0  2.499094e+005      5.74
  80     10   2.0  2.480324e+005      5.64
  80     15   2.0  2.461746e+005      5.55
  80    100   2.0  2.381765e+005      5.21
  80      0   2.5  2.537774e+005      5.94
  80      5   2.5  2.519668e+005      5.84
  80     10   2.5  2.501139e+005      5.74
  80     15   2.5  2.482783e+005      5.65
  80    100   2.5  2.404717e+005      5.31
  80      0   3.0  2.557002e+005      6.03
  80      5   3.0  2.539158e+005      5.93
  80     10   3.0  2.520869e+005      5.83
  80     15   3.0  2.502738e+005      5.74
  80    100   3.0  2.426512e+005      5.40
  80      0   3.5  2.575234e+005      6.12
  80      5   3.5  2.557650e+005      6.02
  80     10   3.5  2.539602e+005      5.92
  80     15   3.5  2.521693e+005      5.83
  80    100   3.5  2.447241e+005      5.49
  80      0   4.0  2.592544e+005      6.21
  80      5   4.0  2.575220e+005      6.10
  80     10   4.0  2.557409e+005      6.00
  80     15   4.0  2.539722e+005      5.91
  80    100   4.0  2.466983e+005      5.58
  80      0   4.5  2.609001e+005      6.29
  80      5   4.5  2.591936e+005      6.19
  80     10   4.5  2.574361e+005      6.09
  80     15   4.5  2.556895e+005      5.99
  80    100   4.5  2.485809e+005      5.66
  80      0   5.0  2.624668e+005      6.37
  80      5   5.0  2.607858e+005      6.27
  80     10   5.0  2.590519e+005      6.16
  80     15   5.0  2.573272e+005      6.07
  80    100   5.0  2.503782e+005      5.74
  85      0   0.0  2.482697e+005      5.74
  85      5   0.0  2.466065e+005      5.64
  85     10   0.0  2.448884e+005      5.55
  85     15   0.0  2.431539e+005      5.46
  85    100   0.0  2.343236e+005      5.07
  85      0   0.5  2.507365e+005      5.86
  85      5   0.5  2.491081e+005      5.76
  85     10   0.5  2.474216e+005      5.67
  85     15   0.5  2.457161e+005      5.58
  85    100   0.5  2.371287e+005      5.19
  85      0   1.0  2.530480e+005      5.98
  85      5   1.0  2.514541e+005      5.88
  85     10   1.0  2.497990e+005      5.78
  85     15   1.0  2.481223e+005      5.69
  85    100   1.0  2.397674e+005      5.31
  85      0   1.5  2.552187e+005      6.09
  85      5   1.5  2.536590e+005      5.99
  85     10   1.5  2.520351e+005      5.89
  85     15   1.5  2.503869e+005      5.80
  85    100   1.5  2.422548e+005      5.42
  85      0   2.0  2.572615e+005      6.19
  85      5   2.0  2.557353e+005      6.09
  85     10   2.0  2.541422e+005      5.99
  85     15   2.0  2.525225e+005      5.90
  85    100   2.0  2.446041e+005      5.52
  85      0   2.5  2.591871e+005      6.30
  85      5   2.5  2.576944e+005      6.19
  85     10   2.5  2.561315e+005      6.09
  85     15   2.5  2.545398e+005      6.00
  85    100   2.5  2.468268e+005      5.62
  85      0   3.0  2.610056e+005      6.39
  85      5   3.0  2.595455e+005      6.29
  85     10   3.0  2.580128e+005      6.19
  85     15   3.0  2.564488e+005      6.09
  85    100   3.0  2.489333e+005      5.72
  85      0   3.5  2.627254e+005      6.49
  85      5   3.5  2.612978e+005      6.38
  85     10   3.5  2.597947e+005      6.28
  85     15   3.5  2.582578e+005      6.19
  85    100   3.5  2.509324e+005      5.82
  85      0   4.0  2.643544e+005      6.58
  85      5   4.0  2.629586e+005      6.47
  85     10   4.0  2.614847e+005      6.37
  85     15   4.0  2.599747e+005      6.27
  85    100   4.0  2.528325e+005      5.91
  85      0   4.5  2.658993e+005      6.66
  85      5   4.5  2.645348e+005      6.55
  85     10   4.5  2.630898e+005      6.45
  85     15   4.5  2.616064e+005      6.36
  85    100   4.5  2.546406e+005      5.99
  85      0   5.0  2.673665e+005      6.74
  85      5   5.0  2.660329e+005      6.64
  85     10   5.0  2.646162e+005      6.53
  85     15   5.0  2.631589e+005      6.44
  85    100   5.0  2.563633e+005      6.08
  90      0   0.0  2.528625e+005      6.06
  90      5   0.0  2.514990e+005      5.96
  90     10   0.0  2.500495e+005      5.86
  90     15   0.0  2.485454e+005      5.77
  90    100   0.0  2.399532e+005      5.35
  90      0   0.5  2.552055e+005      6.18
  90      5   0.5  2.538829e+005      6.08
  90     10   0.5  2.524709e+005      5.99
  90     15   0.5  2.510016e+005      5.89
  90    100   0.5  2.426675e+005      5.48
  90      0   1.0  2.573952e+005      6.30
  90      5   1.0  2.561126e+005      6.20
  90     10   1.0  2.547375e+005      6.10
  90     15   1.0  2.533024e+005      6.01
  90    100   1.0  2.452152e+005      5.60
  90      0   1.5  2.594460e+005      6.41
  90      5   1.5  2.582028e+005      6.31
  90     10   1.5  2.568640e+005      6.21
  90     15   1.5  2.554625e+005      6.12
  90    100   1.5  2.476111e+005      5.71
  90      0   2.0  2.613710e+005      6.52
  90      5   2.0  2.601663e+005      6.42
  90     10   2.0  2.588631e+005      6.32
  90     15   2.0  2.574943e+005      6.23
  90    100   2.0  2.498691e+005      5.82
  90      0   2.5  2.631809e+005      6.63
  90      5   2.5  2.620141e+005      6.52
  90     10   2.5  2.607458e+005      6.42
  90     15   2.5  2.594093e+005      6.33
  90    100   2.5  2.520006e+005      5.93
  90      0   3.0  2.648859e+005      6.73
  90      5   3.0  2.637559e+005      6.62
  90     10   3.0  2.625217e+005      6.52
  90     15   3.0  2.612168e+005      6.43
  90    100   3.0  2.540162e+005      6.03
  90      0   3.5  2.664943e+005      6.82
  90      5   3.5  2.654003e+005      6.72
  90     10   3.5  2.641998e+005      6.62
  90     15   3.5  2.629258e+005      6.52
  90    100   3.5  2.559250e+005      6.12
  90      0   4.0  2.680139e+005      6.91
  90      5   4.0  2.669555e+005      6.81
  90     10   4.0  2.657875e+005      6.71
  90     15   4.0  2.645439e+005      6.61
  90    100   4.0  2.577353e+005      6.22
  90      0   4.5  2.694517e+005      7.00
  90      5   4.5  2.684278e+005      6.89
  90     10   4.5  2.672920e+005      6.79
  90     15   4.5  2.660781e+005      6.70
  90    100   4.5  2.594543e+005      6.31
  90      0   5.0  2.708137e+005      7.08
  90      5   5.0  2.698237e+005      6.98
  90     10   5.0  2.687192e+005      6.88
  90     15   5.0  2.675347e+005      6.78
  90    100   5.0  2.610888e+005      6.39
  95      0   0.0  2.563299e+005      6.36
  95      5   0.0  2.552465e+005      6.26
  95     10   0.0  2.540586e+005      6.16
  95     15   0.0  2.527895e+005      6.07
  95    100   0.0  2.445854e+005      5.62
  95      0   0.5  2.585388e+005      6.49
  95      5   0.5  2.575009e+005      6.39
  95     10   0.5  2.563555e+005      6.29
  95     15   0.5  2.551256e+005      6.20
  95    100   0.5  2.471939e+005      5.75
  95      0   1.0  2.605977e+005      6.61
  95      5   1.0  2.596040e+005      6.51
  95     10   1.0  2.584999e+005      6.41
  95     15   1.0  2.573083e+005      6.32
  95    100   1.0  2.496365e+005      5.87
  95      0   1.5  2.625208e+005      6.72
  95      5   1.5  2.615703e+005      6.62
  95     10   1.5  2.605065e+005      6.52
  95     15   1.5  2.593522e+005      6.43
  95    100   1.5  2.519284e+005      5.99
  95      0   2.0  2.643211e+005      6.84
  95      5   2.0  2.634125e+005      6.73
  95     10   2.0  2.623881e+005      6.63
  95     15   2.0  2.612700e+005      6.54
  95    100   2.0  2.540832e+005      6.10
  95      0   2.5  2.660095e+005      6.94
  95      5   2.5  2.651417e+005      6.84
  95     10   2.5  2.641556e+005      6.74
  95     15   2.5  2.630729e+005      6.64
  95    100   2.5  2.561127e+005      6.21
  95      0   3.0  2.675955e+005      7.04
  95      5   3.0  2.667676e+005      6.94
  95     10   3.0  2.658188e+005      6.84
  95     15   3.0  2.647706e+005      6.74
  95    100   3.0  2.580276e+005      6.32
  95      0   3.5  2.690880e+005      7.14
  95      5   3.5  2.682990e+005      7.03
  95     10   3.5  2.673863e+005      6.93
  95     15   3.5  2.663719e+005      6.84
  95    100   3.5  2.598371e+005      6.42
  95      0   4.0  2.704944e+005      7.23
  95      5   4.0  2.697431e+005      7.13
  95     10   4.0  2.688660e+005      7.03
  95     15   4.0  2.678843e+005      6.93
  95    100   4.0  2.615490e+005      6.51
  95      0   4.5  2.718216e+005      7.32
  95      5   4.5  2.711073e+005      7.22
  95     10   4.5  2.702646e+005      7.11
  95     15   4.5  2.693148e+005      7.02
  95    100   4.5  2.631713e+005      6.60
  95      0   5.0  2.730757e+005      7.41
  95      5   5.0  2.723973e+005      7.30
  95     10   5.0  2.715882e+005      7.20
  95     15   5.0  2.706696e+005      7.10
  95    100   5.0  2.647105e+005      6.69
 100      0   0.0  2.588419e+005      6.64
 100      5   0.0  2.580188e+005      6.54
 100     10   0.0  2.570784e+005      6.45
 100     15   0.0  2.560386e+005      6.35
 100    100   0.0  2.483159e+005      5.88
 100      0   0.5  2.609145e+005      6.77
 100      5   0.5  2.601400e+005      6.67
 100     10   0.5  2.592450e+005      6.58
 100     15   0.5  2.582477e+005      6.48
 100    100   0.5  2.508107e+005      6.01
 100      0   1.0  2.628409e+005      6.90
 100      5   1.0  2.621135e+005      6.80
 100     10   1.0  2.612625e+005      6.70
 100     15   1.0  2.603065e+005      6.61
 100    100   1.0  2.531410e+005      6.14
 100      0   1.5  2.646357e+005      7.01
 100      5   1.5  2.639538e+005      6.91
 100     10   1.5  2.631456e+005      6.82
 100     15   1.5  2.622294e+005      6.72
 100    100   1.5  2.553227e+005      6.26
 100      0   2.0  2.663112e+005      7.13
 100      5   2.0  2.656735e+005      7.02
 100     10   2.0  2.649067e+005      6.93
 100     15   2.0  2.640293e+005      6.83
 100    100   2.0  2.573690e+005      6.37
 100      0   2.5  2.678784e+005      7.23
 100      5   2.5  2.672835e+005      7.13
 100     10   2.5  2.665569e+005      7.03
 100     15   2.5  2.657169e+005      6.94
 100    100   2.5  2.592922e+005      6.48
 100      0   3.0  2.693467e+005      7.34
 100      5   3.0  2.687934e+005      7.23
 100     10   3.0  2.681057e+005      7.13
 100     15   3.0  2.673022e+005      7.04
 100    100   3.0  2.611025e+005      6.59
 100      0   3.5  2.707247e+005      7.43
 100      5   3.5  2.702118e+005      7.33
 100     10   3.5  2.695620e+005      7.23
 100     15   3.5  2.687937e+005      7.14
 100    100   3.5  2.628093e+005      6.69
 100      0   4.0  2.720198e+005      7.53
 100      5   4.0  2.715462e+005      7.42
 100     10   4.0  2.709329e+005      7.32
 100     15   4.0  2.701992e+005      7.23
 100    100   4.0  2.644208e+005      6.79
 100      0   4.5  2.732388e+005      7.62
 100      5   4.5  2.728031e+005      7.51
 100     10   4.5  2.722255e+005      7.41
 100     15   4.5  2.715251e+005      7.32
 100    100   4.5  2.659442e+005      6.88
 100      0   5.0  2.743876e+005      7.70
 100      5   5.0  2.739886e+005      7.60
 100     10   5.0  2.734458e+005      7.50
 100     15   5.0  2.727778e+005      7.40
 100    100   5.0  2.673862e+005      6.97
 105      0   0.0  2.605423e+005      6.92
 105      5   0.0  2.599593e+005      6.82
 105     10   0.0  2.592530e+005      6.72
 105     15   0.0  2.584320e+005      6.63
 105    100   0.0  2.512762e+005      6.13
 105      0   0.5  2.624764e+005      7.05
 105      5   0.5  2.619446e+005      6.95
 105     10   0.5  2.612864e+005      6.85
 105     15   0.5  2.605103e+005      6.76
 105    100   0.5  2.536508e+005      6.27
 105      0   1.0  2.642692e+005      7.18
 105      5   1.0  2.637866e+005      7.07
 105     10   1.0  2.631748e+005      6.98
 105     15   1.0  2.624418e+005      6.88
 105    100   1.0  2.558640e+005      6.39
 105      0   1.5  2.659346e+005      7.29
 105      5   1.5  2.654996e+005      7.19
 105     10   1.5  2.649326e+005      7.09
 105     15   1.5  2.642415e+005      7.00
 105    100   1.5  2.579309e+005      6.52
 105      0   2.0  2.674851e+005      7.41
 105      5   2.0  2.670959e+005      7.30
 105     10   2.0  2.665723e+005      7.21
 105     15   2.0  2.659215e+005      7.11
 105    100   2.0  2.598652e+005      6.63
 105      0   2.5  2.689312e+005      7.51
 105      5   2.5  2.685864e+005      7.41
 105     10   2.5  2.681046e+005      7.31
 105     15   2.5  2.674926e+005      7.22
 105    100   2.5  2.616787e+005      6.75
 105      0   3.0  2.702823e+005      7.62
 105      5   3.0  2.699806e+005      7.51
 105     10   3.0  2.695391e+005      7.41
 105     15   3.0  2.689648e+005      7.32
 105    100   3.0  2.633817e+005      6.85
 105      0   3.5  2.715464e+005      7.72
 105      5   3.5  2.712862e+005      7.61
 105     10   3.5  2.708841e+005      7.51
 105     15   3.5  2.703463e+005      7.42
 105    100   3.5  2.649837e+005      6.96
 105      0   4.0  2.727313e+005      7.81
 105      5   4.0  2.725113e+005      7.71
 105     10   4.0  2.721469e+005      7.61
 105     15   4.0  2.716446e+005      7.51
 105    100   4.0  2.664928e+005      7.05
 105      0   4.5  2.738432e+005      7.90
 105      5   4.5  2.736622e+005      7.80
 105     10   4.5  2.733346e+005      7.70
 105     15   4.5  2.728663e+005      7.60
 105    100   4.5  2.679162e+005      7.15
 105      0   5.0  2.748879e+005      7.99
 105      5   5.0  2.747448e+005      7.88
 105     10   5.0  2.744526e+005      7.78
 105     15   5.0  2.740175e+005      7.69
 105    100   5.0  2.692601e+005      7.24
 110      0   0.0  2.615789e+005      7.18
 110      5   0.0  2.612160e+005      7.08
 110     10   0.0  2.607224e+005      6.98
 110     15   0.0  2.601069e+005      6.89
 110    100   0.0  2.535776e+005      6.37
 110      0   0.5  2.633769e+005      7.32
 110      5   0.5  2.630669e+005      7.21
 110     10   0.5  2.626228e+005      7.11
 110     15   0.5  2.620540e+005      7.02
 110    100   0.5  2.558299e+005      6.51
 110      0   1.0  2.650387e+005      7.44
 110      5   1.0  2.647792e+005      7.34
 110     10   1.0  2.643830e+005      7.24
 110     15   1.0  2.638589e+005      7.15
 110    100   1.0  2.579238e+005      6.64
 110      0   1.5  2.665778e+005      7.56
 110      5   1.5  2.663671e+005      7.46
 110     10   1.5  2.660170e+005      7.36
 110     15   1.5  2.655359e+005      7.26
 110    100   1.5  2.598746e+005      6.76
 110      0   2.0  2.680063e+005      7.68
 110      5   2.0  2.678426e+005      7.57
 110     10   2.0  2.675368e+005      7.47
 110     15   2.0  2.670974e+005      7.38
 110    100   2.0  2.616961e+005      6.88
 110      0   2.5  2.693348e+005      7.78
 110      5   2.5  2.692163e+005      7.68
 110     10   2.5  2.689534e+005      7.58
 110     15   2.5  2.685538e+005      7.49
 110    100   2.5  2.633994e+005      6.99
 110      0   3.0  2.705723e+005      7.89
 110      5   3.0  2.704975e+005      7.78
 110     10   3.0  2.702758e+005      7.68
 110     15   3.0  2.699146e+005      7.59
 110    100   3.0  2.649956e+005      7.10
 110      0   3.5  2.717266e+005      7.99
 110      5   3.5  2.716940e+005      7.88
 110     10   3.5  2.715119e+005      7.78
 110     15   3.5  2.711881e+005      7.69
 110    100   3.5  2.664931e+005      7.21
 110      0   4.0  2.728051e+005      8.08
 110      5   4.0  2.728135e+005      7.98
 110     10   4.0  2.726698e+005      7.88
 110     15   4.0  2.723818e+005      7.78
 110    100   4.0  2.679004e+005      7.31
 110      0   4.5  2.738140e+005      8.17
 110      5   4.5  2.738616e+005      8.07
 110     10   4.5  2.737551e+005      7.97
 110     15   4.5  2.735020e+005      7.87
 110    100   4.5  2.692247e+005      7.40
 110      0   5.0  2.747588e+005      8.26
 110      5   5.0  2.748448e+005      8.15
 110     10   5.0  2.747742e+005      8.05
 110     15   5.0  2.745546e+005      7.96
 110    100   5.0  2.704725e+005      7.49
 115      0   0.0  2.620653e+005      7.44
 115      5   0.0  2.618936e+005      7.34
 115     10   0.0  2.615966e+005      7.24
 115     15   0.0  2.611718e+005      7.14
 115    100   0.0  2.553158e+005      6.60
 115      0   0.5  2.637310e+005      7.57
 115      5   0.5  2.636125e+005      7.47
 115     10   0.5  2.633662e+005      7.37
 115     15   0.5  2.629893e+005      7.27
 115    100   0.5  2.574443e+005      6.74
 115      0   1.0  2.652659e+005      7.70
 115      5   1.0  2.651979e+005      7.60
 115     10   1.0  2.650005e+005      7.50
 115     15   1.0  2.646696e+005      7.40
 115    100   1.0  2.594181e+005      6.88
 115      0   1.5  2.666833e+005      7.82
 115      5   1.5  2.666641e+005      7.72
 115     10   1.5  2.665133e+005      7.62
 115     15   1.5  2.662262e+005      7.52
 115    100   1.5  2.612527e+005      7.00
 115      0   2.0  2.679944e+005      7.93
 115      5   2.0  2.680223e+005      7.83
 115     10   2.0  2.679163e+005      7.73
 115     15   2.0  2.676714e+005      7.63
 115    100   2.0  2.629613e+005      7.12
 115      0   2.5  2.692101e+005      8.04
 115      5   2.5  2.692829e+005      7.94
 115     10   2.5  2.692201e+005      7.84
 115     15   2.5  2.690158e+005      7.74
 115    100   2.5  2.645554e+005      7.23
 115      0   3.0  2.703386e+005      8.15
 115      5   3.0  2.704550e+005      8.04
 115     10   3.0  2.704336e+005      7.94
 115     15   3.0  2.702684e+005      7.85
 115    100   3.0  2.660454e+005      7.34
 115      0   3.5  2.713880e+005      8.24
 115      5   3.5  2.715460e+005      8.14
 115     10   3.5  2.715649e+005      8.04
 115     15   3.5  2.714373e+005      7.94
 115    100   3.5  2.674399e+005      7.45
 115      0   4.0  2.723652e+005      8.34
 115      5   4.0  2.725636e+005      8.23
 115     10   4.0  2.726208e+005      8.13
 115     15   4.0  2.725293e+005      8.04
 115    100   4.0  2.687472e+005      7.55
 115      0   4.5  2.732759e+005      8.43
 115      5   4.5  2.735133e+005      8.33
 115     10   4.5  2.736078e+005      8.23
 115     15   4.5  2.735515e+005      8.13
 115    100   4.5  2.699741e+005      7.65
 115      0   5.0  2.741260e+005      8.52
 115      5   5.0  2.744009e+005      8.41
 115     10   5.0  2.745316e+005      8.31
 115     15   5.0  2.745088e+005      8.22
 115    100   5.0  2.711270e+005      7.74
 120      0   0.0  2.621046e+005      7.69
 120      5   0.0  2.621126e+005      7.58
 120     10   0.0  2.619875e+005      7.48
 120     15   0.0  2.617356e+005      7.39
 120    100   0.0  2.565752e+005      6.83
 120      0   0.5  2.636443e+005      7.82
 120      5   0.5  2.637053e+005      7.72
 120     10   0.5  2.636311e+005      7.61
 120     15   0.5  2.634275e+005      7.52
 120    100   0.5  2.585822e+005      6.97
 120      0   1.0  2.650583e+005      7.95
 120      5   1.0  2.651701e+005      7.84
 120     10   1.0  2.651444e+005      7.74
 120     15   1.0  2.649870e+005      7.64
 120    100   1.0  2.604388e+005      7.10
 120      0   1.5  2.663598e+005      8.07
 120      5   1.5  2.665202e+005      7.96
 120     10   1.5  2.665410e+005      7.86
 120     15   1.5  2.664276e+005      7.76
 120    100   1.5  2.621601e+005      7.23
 120      0   2.0  2.675600e+005      8.18
 120      5   2.0  2.677672e+005      8.08
 120     10   2.0  2.678323e+005      7.98
 120     15   2.0  2.677614e+005      7.88
 120    100   2.0  2.637590e+005      7.35
 120      0   2.5  2.686689e+005      8.29
 120      5   2.5  2.689207e+005      8.18
 120     10   2.5  2.690288e+005      8.08
 120     15   2.5  2.689983e+005      7.99
 120    100   2.5  2.652472e+005      7.47
 120      0   3.0  2.696950e+005      8.39
 120      5   3.0  2.699896e+005      8.29
 120     10   3.0  2.701388e+005      8.19
 120     15   3.0  2.701474e+005      8.09
 120    100   3.0  2.666344e+005      7.57
 120      0   3.5  2.706456e+005      8.49
 120      5   3.5  2.709816e+005      8.39
 120     10   3.5  2.711702e+005      8.29
 120     15   3.5  2.712161e+005      8.19
 120    100   3.5  2.679296e+005      7.68
 120      0   4.0  2.715275e+005      8.59
 120      5   4.0  2.719032e+005      8.48
 120     10   4.0  2.721298e+005      8.38
 120     15   4.0  2.722116e+005      8.29
 120    100   4.0  2.691403e+005      7.78
 120      0   4.5  2.723464e+005      8.68
 120      5   4.5  2.727605e+005      8.57
 120     10   4.5  2.730236e+005      8.47
 120     15   4.5  2.731404e+005      8.38
 120    100   4.5  2.702736e+005      7.88
 120      0   5.0  2.731077e+005      8.76
 120      5   5.0  2.735587e+005      8.66
 120     10   5.0  2.738572e+005      8.56
 120     15   5.0  2.740074e+005      8.46
 120    100   5.0  2.713359e+005      7.97
 125      0   0.0  2.617450e+005      7.92
 125      5   0.0  2.619155e+005      7.82
 125     10   0.0  2.619555e+005      7.72
 125     15   0.0  2.618632e+005      7.62
 125    100   0.0  2.574065e+005      7.05
 125      0   0.5  2.631636e+005      8.06
 125      5   0.5  2.633867e+005      7.95
 125     10   0.5  2.634774e+005      7.85
 125     15   0.5  2.634334e+005      7.75
 125    100   0.5  2.592944e+005      7.19
 125      0   1.0  2.644623e+005      8.18
 125      5   1.0  2.647355e+005      8.08
 125     10   1.0  2.648745e+005      7.98
 125     15   1.0  2.648766e+005      7.88
 125    100   1.0  2.610363e+005      7.32
 125      0   1.5  2.656534e+005      8.30
 125      5   1.5  2.659747e+005      8.20
 125     10   1.5  2.661600e+005      8.10
 125     15   1.5  2.662059e+005      8.00
 125    100   1.5  2.626472e+005      7.45
 125      0   2.0  2.667479e+005      8.42
 125      5   2.0  2.671151e+005      8.31
 125     10   2.0  2.673443e+005      8.21
 125     15   2.0  2.674326e+005      8.12
 125    100   2.0  2.641396e+005      7.57
 125      0   2.5  2.677555e+005      8.53
 125      5   2.5  2.681665e+005      8.42
 125     10   2.5  2.684383e+005      8.32
 125     15   2.5  2.685664e+005      8.23
 125    100   2.5  2.655250e+005      7.69
 125      0   3.0  2.686840e+005      8.63
 125      5   3.0  2.691373e+005      8.53
 125     10   3.0  2.694497e+005      8.43
 125     15   3.0  2.696163e+005      8.33
 125    100   3.0  2.668126e+005      7.80
 125      0   3.5  2.695411e+005      8.73
 125      5   3.5  2.700347e+005      8.63
 125     10   3.5  2.703859e+005      8.52
 125     15   3.5  2.705898e+005      8.43
 125    100   3.5  2.680118e+005      7.90
 125      0   4.0  2.703328e+005      8.82
 125      5   4.0  2.708653e+005      8.72
 125     10   4.0  2.712540e+005      8.62
 125     15   4.0  2.714934e+005      8.52
 125    100   4.0  2.691296e+005      8.01
 125      0   4.5  2.710650e+005      8.92
 125      5   4.5  2.716349e+005      8.81
 125     10   4.5  2.720596e+005      8.71
 125     15   4.5  2.723333e+005      8.61
 125    100   4.5  2.701729e+005      8.10
 125      0   5.0  2.717423e+005      9.00
 125      5   5.0  2.723484e+005      8.90
 125     10   5.0  2.728079e+005      8.80
 125     15   5.0  2.731146e+005      8.70
 125    100   5.0  2.711479e+005      8.20
 130      0   0.0  2.610714e+005      8.15
 130      5   0.0  2.614193e+005      8.05
 130     10   0.0  2.615987e+005      7.94
 130     15   0.0  2.616488e+005      7.85
 130    100   0.0  2.578754e+005      7.26
 130      0   0.5  2.623760e+005      8.29
 130      5   0.5  2.627769e+005      8.18
 130     10   0.5  2.630060e+005      8.08
 130     15   0.5  2.631040e+005      7.98
 130    100   0.5  2.596485e+005      7.40
 130      0   1.0  2.635658e+005      8.41
 130      5   1.0  2.640171e+005      8.31
 130     10   1.0  2.642937e+005      8.20
 130     15   1.0  2.644371e+005      8.11
 130    100   1.0  2.612800e+005      7.54
 130      0   1.5  2.646534e+005      8.53
 130      5   1.5  2.651526e+005      8.43
 130     10   1.5  2.654744e+005      8.33
 130     15   1.5  2.656608e+005      8.23
 130    100   1.5  2.627849e+005      7.66
 130      0   2.0  2.656488e+005      8.65
 130      5   2.0  2.661938e+005      8.54
 130     10   2.0  2.665587e+005      8.44
 130     15   2.0  2.667867e+005      8.34
 130    100   2.0  2.641754e+005      7.79
 130      0   2.5  2.665615e+005      8.76
 130      5   2.5  2.671504e+005      8.65
 130     10   2.5  2.675564e+005      8.55
 130     15   2.5  2.678238e+005      8.45
 130    100   2.5  2.654625e+005      7.90
 130      0   3.0  2.673992e+005      8.86
 130      5   3.0  2.680302e+005      8.75
 130     10   3.0  2.684755e+005      8.65
 130     15   3.0  2.687811e+005      8.56
 130    100   3.0  2.666556e+005      8.01
 130      0   3.5  2.681689e+005      8.96
 130      5   3.5  2.688402e+005      8.85
 130     10   3.5  2.693234e+005      8.75
 130     15   3.5  2.696649e+005      8.66
 130    100   3.5  2.677634e+005      8.12
 130      0   4.0  2.688766e+005      9.05
 130      5   4.0  2.695868e+005      8.95
 130     10   4.0  2.701064e+005      8.85
 130     15   4.0  2.704825e+005      8.75
 130    100   4.0  2.687931e+005      8.22
 130      0   4.5  2.695280e+005      9.14
 130      5   4.5  2.702755e+005      9.04
 130     10   4.5  2.708298e+005      8.94
 130     15   4.5  2.712393e+005      8.84
 130    100   4.5  2.697511e+005      8.32
 130      0   5.0  2.701278e+005      9.23
 130      5   5.0  2.709109e+005      9.12
 130     10   5.0  2.714991e+005      9.02
 130     15   5.0  2.719407e+005      8.93
 130    100   5.0  2.706438e+005      8.41
 135      0   0.0  2.602310e+005      8.36
 135      5   0.0  2.606272e+005      8.26
 135     10   0.0  2.609420e+005      8.16
 135     15   0.0  2.611257e+005      8.06
 135    100   0.0  2.580374e+005      7.46
 135      0   0.5  2.614319e+005      8.50
 135      5   0.5  2.618765e+005      8.40
 135     10   0.5  2.622403e+005      8.30
 135     15   0.5  2.624711e+005      8.20
 135    100   0.5  2.597006e+005      7.61
 135      0   1.0  2.625234e+005      8.62
 135      5   1.0  2.630138e+005      8.52
 135     10   1.0  2.634242e+005      8.42
 135     15   1.0  2.636996e+005      8.33
 135    100   1.0  2.612268e+005      7.74
 135      0   1.5  2.635171e+005      8.74
 135      5   1.5  2.640513e+005      8.64
 135     10   1.5  2.645058e+005      8.54
 135     15   1.5  2.648236e+005      8.45
 135    100   1.5  2.626304e+005      7.87
 135      0   2.0  2.644232e+005      8.86
 135      5   2.0  2.649991e+005      8.76
 135     10   2.0  2.654955e+005      8.66
 135     15   2.0  2.658540e+005      8.56
 135    100   2.0  2.639240e+005      7.99
 135      0   2.5  2.652503e+005      8.97
 135      5   2.5  2.658661e+005      8.87
 135     10   2.5  2.664025e+005      8.77
 135     15   2.5  2.667999e+005      8.67
 135    100   2.5  2.651177e+005      8.11
 135      0   3.0  2.660061e+005      9.07
 135      5   3.0  2.666600e+005      8.97
 135     10   3.0  2.672348e+005      8.87
 135     15   3.0  2.676691e+005      8.77
 135    100   3.0  2.662213e+005      8.22
 135      0   3.5  2.666975e+005      9.17
 135      5   3.5  2.673878e+005      9.07
 135     10   3.5  2.679995e+005      8.97
 135     15   3.5  2.684689e+005      8.87
 135    100   3.5  2.672426e+005      8.32
 135      0   4.0  2.673302e+005      9.26
 135      5   4.0  2.680552e+005      9.16
 135     10   4.0  2.687024e+005      9.06
 135     15   4.0  2.692056e+005      8.97
 135    100   4.0  2.681891e+005      8.42
 135      0   4.5  2.679094e+005      9.35
 135      5   4.5  2.686679e+005      9.25
 135     10   4.5  2.693488e+005      9.15
 135     15   4.5  2.698843e+005      9.06
 135    100   4.5  2.690668e+005      8.52
 135      0   5.0  2.684394e+005      9.44
 135      5   5.0  2.692303e+005      9.34
 135     10   5.0  2.699436e+005      9.24
 135     15   5.0  2.705105e+005      9.15
 135    100   5.0  2.698819e+005      8.62
 140      0   0.0  2.598103e+005      8.52
 140      5   0.0  2.600133e+005      8.45
 140     10   0.0  2.603390e+005      8.35
 140     15   0.0  2.606064e+005      8.26
 140    100   0.0  2.581096e+005      7.65
 140      0   0.5  2.609354e+005      8.66
 140      5   0.5  2.611755e+005      8.58
 140     10   0.5  2.615450e+005      8.49
 140     15   0.5  2.618575e+005      8.39
 140    100   0.5  2.596742e+005      7.79
 140      0   1.0  2.619553e+005      8.78
 140      5   1.0  2.622303e+005      8.70
 140     10   1.0  2.626416e+005      8.61
 140     15   1.0  2.629966e+005      8.52
 140    100   1.0  2.611065e+005      7.92
 140      0   1.5  2.628813e+005      8.90
 140      5   1.5  2.631891e+005      8.82
 140     10   1.5  2.636400e+005      8.73
 140     15   1.5  2.640356e+005      8.64
 140    100   1.5  2.624207e+005      8.05
 140      0   2.0  2.637234e+005      9.01
 140      5   2.0  2.640622e+005      8.94
 140     10   2.0  2.645508e+005      8.85
 140     15   2.0  2.649847e+005      8.75
 140    100   2.0  2.636284e+005      8.17
 140      0   2.5  2.644895e+005      9.12
 140      5   2.5  2.648582e+005      9.05
 140     10   2.5  2.653827e+005      8.95
 140     15   2.5  2.658533e+005      8.86
 140    100   2.5  2.647402e+005      8.29
 140      0   3.0  2.651875e+005      9.22
 140      5   3.0  2.655843e+005      9.15
 140     10   3.0  2.661426e+005      9.06
 140     15   3.0  2.666484e+005      8.96
 140    100   3.0  2.657652e+005      8.40
 140      0   3.5  2.658236e+005      9.32
 140      5   3.5  2.662470e+005      9.25
 140     10   3.5  2.668385e+005      9.16
 140     15   3.5  2.673773e+005      9.06
 140    100   3.5  2.667109e+005      8.51
 140      0   4.0  2.664036e+005      9.42
 140      5   4.0  2.668526e+005      9.34
 140     10   4.0  2.674750e+005      9.25
 140     15   4.0  2.680459e+005      9.16
 140    100   4.0  2.675848e+005      8.61
 140      0   4.5  2.669323e+005      9.51
 140      5   4.5  2.674057e+005      9.43
 140     10   4.5  2.680579e+005      9.34
 140     15   4.5  2.686598e+005      9.25
 140    100   4.5  2.683930e+005      8.71
 140      0   5.0  2.674142e+005      9.59
 140      5   5.0  2.679111e+005      9.52
 140     10   5.0  2.685923e+005      9.43
 140     15   5.0  2.692231e+005      9.34
 140    100   5.0  2.691408e+005      8.80
