  30      0   0.0  1.017939e+005      1.69
  30      5   0.0  9.810320e+004      1.62
  30     10   0.0  9.610869e+004      1.57
  30     15   0.0  9.503480e+004      1.55
  30    100   0.0  9.377734e+004      1.52
  30      0   0.5  1.026598e+005      1.71
  30      5   0.5  9.891656e+004      1.64
  30     10   0.5  9.691326e+004      1.59
  30     15   0.5  9.584686e+004      1.57
  30    100   0.5  9.465580e+004      1.54
  30      0   1.0  1.034940e+005      1.73
  30      5   1.0  9.970350e+004      1.65
  30     10   1.0  9.769455e+004      1.61
  30     15   1.0  9.663704e+004      1.59
  30    100   1.0  9.551109e+004      1.56
  30      0   1.5  1.042984e+005      1.75
  30      5   1.5  1.004658e+005      1.67
  30     10   1.5  9.845422e+004      1.63
  30     15   1.5  9.740696e+004      1.60
  30    100   1.5  9.634470e+004      1.58
  30      0   2.0  1.050745e+005      1.77
  30      5   2.0  1.012049e+005      1.69
  30     10   2.0  9.919372e+004      1.64
  30     15   2.0  9.815800e+004      1.62
  30    100   2.0  9.715801e+004      1.60
  30      0   2.5  1.058239e+005      1.79
  30      5   2.5  1.019222e+005      1.70
  30     10   2.5  9.991434e+004      1.66
  30     15   2.5  9.889135e+004      1.64
  30    100   2.5  9.795218e+004      1.61
  30      0   3.0  1.065477e+005      1.81
  30      5   3.0  1.026190e+005      1.72
  30     10   3.0  1.006172e+005      1.68
  30     15   3.0  9.960810e+004      1.65
  30    100   3.0  9.872821e+004      1.63
  30      0   3.5  1.072473e+005      1.82
  30      5   3.5  1.032962e+005      1.74
  30     10   3.5  1.013033e+005      1.69
  30     15   3.5  1.003091e+005      1.67
  30    100   3.5  9.948698e+004      1.65
  30      0   4.0  1.079237e+005      1.84
  30      5   4.0  1.039549e+005      1.75
  30     10   4.0  1.019735e+005      1.71
  30     15   4.0  1.009953e+005      1.69
  30    100   4.0  1.002292e+005      1.67
  30      0   4.5  1.085780e+005      1.85
  30      5   4.5  1.045959e+005      1.77
  30     10   4.5  1.026285e+005      1.72
  30     15   4.5  1.016672e+005      1.70
  30    100   4.5  1.009557e+005      1.68
  30      0   5.0  1.092109e+005      1.87
  30      5   5.0  1.052200e+005      1.78
  30     10   5.0  1.032691e+005      1.74
  30     15   5.0  1.023255e+005      1.72
  30    100   5.0  1.016668e+005      1.70
  35      0   0.0  1.272730e+005      2.24
  35      5   0.0  1.249802e+005      2.19
  35     10   0.0  1.230743e+005      2.15
  35     15   0.0  1.217077e+005      2.12
  35    100   0.0  1.200467e+005      2.07
  35      0   0.5  1.282883e+005      2.27
  35      5   0.5  1.259937e+005      2.22
  35     10   0.5  1.241040e+005      2.18
  35     15   0.5  1.227714e+005      2.14
  35    100   0.5  1.212463e+005      2.10
  35      0   1.0  1.292549e+005      2.30
  35      5   1.0  1.269589e+005      2.24
  35     10   1.0  1.250858e+005      2.20
  35     15   1.0  1.237868e+005      2.17
  35    100   1.0  1.223897e+005      2.13
  35      0   1.5  1.301763e+005      2.32
  35      5   1.5  1.278793e+005      2.27
  35     10   1.5  1.260228e+005      2.23
  35     15   1.5  1.247572e+005      2.19
  35    100   1.5  1.234802e+005      2.16
  35      0   2.0  1.310558e+005      2.34
  35      5   2.0  1.287578e+005      2.29
  35     10   2.0  1.269182e+005      2.25
  35     15   2.0  1.256854e+005      2.22
  35    100   2.0  1.245209e+005      2.18
  35      0   2.5  1.318960e+005      2.37
  35      5   2.5  1.295973e+005      2.31
  35     10   2.5  1.277745e+005      2.27
  35     15   2.5  1.265740e+005      2.24
  35    100   2.5  1.255148e+005      2.21
  35      0   3.0  1.326997e+005      2.39
  35      5   3.0  1.304005e+005      2.33
  35     10   3.0  1.285943e+005      2.29
  35     15   3.0  1.274254e+005      2.26
  35    100   3.0  1.264647e+005      2.23
  35      0   3.5  1.334693e+005      2.41
  35      5   3.5  1.311695e+005      2.35
  35     10   3.5  1.293799e+005      2.31
  35     15   3.5  1.282420e+005      2.28
  35    100   3.5  1.273731e+005      2.26
  35      0   4.0  1.342069e+005      2.43
  35      5   4.0  1.319066e+005      2.37
  35     10   4.0  1.301334e+005      2.33
  35     15   4.0  1.290258e+005      2.30
  35    100   4.0  1.282425e+005      2.28
  35      0   4.5  1.349145e+005      2.45
  35      5   4.5  1.326138e+005      2.39
  35     10   4.5  1.308568e+005      2.35
  35     15   4.5  1.297787e+005      2.32
  35    100   4.5  1.290753e+005      2.30
  35      0   5.0  1.355941e+005      2.46
  35      5   5.0  1.332929e+005      2.41
  35     10   5.0  1.315520e+005      2.37
  35     15   5.0  1.305026e+005      2.34
  35    100   5.0  1.298734e+005      2.32
  40      0   0.0  1.488635e+005      2.72
  40      5   0.0  1.453327e+005      2.64
  40     10   0.0  1.430826e+005      2.59
  40     15   0.0  1.414977e+005      2.55
  40    100   0.0  1.393405e+005      2.49
  40      0   0.5  1.501152e+005      2.76
  40      5   0.5  1.465346e+005      2.68
  40     10   0.5  1.442771e+005      2.62
  40     15   0.5  1.427052e+005      2.59
  40    100   0.5  1.406735e+005      2.53
  40      0   1.0  1.513147e+005      2.79
  40      5   1.0  1.476852e+005      2.71
  40     10   1.0  1.454210e+005      2.65
  40     15   1.0  1.438621e+005      2.62
  40    100   1.0  1.419473e+005      2.56
  40      0   1.5  1.524659e+005      2.82
  40      5   1.5  1.487884e+005      2.74
  40     10   1.5  1.465179e+005      2.68
  40     15   1.5  1.449721e+005      2.65
  40    100   1.5  1.431664e+005      2.60
  40      0   2.0  1.535722e+005      2.85
  40      5   2.0  1.498475e+005      2.77
  40     10   2.0  1.475712e+005      2.71
  40     15   2.0  1.460386e+005      2.68
  40    100   2.0  1.443346e+005      2.63
  40      0   2.5  1.546367e+005      2.88
  40      5   2.5  1.508656e+005      2.79
  40     10   2.5  1.485840e+005      2.74
  40     15   2.5  1.470645e+005      2.70
  40    100   2.5  1.454555e+005      2.66
  40      0   3.0  1.556621e+005      2.91
  40      5   3.0  1.518455e+005      2.82
  40     10   3.0  1.495589e+005      2.77
  40     15   3.0  1.480527e+005      2.73
  40    100   3.0  1.465322e+005      2.69
  40      0   3.5  1.566509e+005      2.93
  40      5   3.5  1.527895e+005      2.85
  40     10   3.5  1.504985e+005      2.79
  40     15   3.5  1.490055e+005      2.75
  40    100   3.5  1.475680e+005      2.71
  40      0   4.0  1.576055e+005      2.96
  40      5   4.0  1.537001e+005      2.87
  40     10   4.0  1.514051e+005      2.82
  40     15   4.0  1.499254e+005      2.78
  40    100   4.0  1.485654e+005      2.74
  40      0   4.5  1.585279e+005      2.99
  40      5   4.5  1.545793e+005      2.90
  40     10   4.5  1.522807e+005      2.84
  40     15   4.5  1.508143e+005      2.80
  40    100   4.5  1.495269e+005      2.77
  40      0   5.0  1.594201e+005      3.01
  40      5   5.0  1.554290e+005      2.92
  40     10   5.0  1.531273e+005      2.86
  40     15   5.0  1.516743e+005      2.83
  40    100   5.0  1.504548e+005      2.79
  45      0   0.0  1.716225e+005      3.25
  45      5   0.0  1.686382e+005      3.18
  45     10   0.0  1.659457e+005      3.11
  45     15   0.0  1.637375e+005      3.05
  45    100   0.0  1.605094e+005      2.96
  45      0   0.5  1.731231e+005      3.29
  45      5   0.5  1.701206e+005      3.22
  45     10   0.5  1.674212e+005      3.15
  45     15   0.5  1.652204e+005      3.10
  45    100   0.5  1.621163e+005      3.01
  45      0   1.0  1.745628e+005      3.33
  45      5   1.0  1.715432e+005      3.26
  45     10   1.0  1.688381e+005      3.19
  45     15   1.0  1.666457e+005      3.14
  45    100   1.0  1.636587e+005      3.05
  45      0   1.5  1.759456e+005      3.37
  45      5   1.5  1.729101e+005      3.30
  45     10   1.5  1.702004e+005      3.23
  45     15   1.5  1.680173e+005      3.17
  45    100   1.5  1.651410e+005      3.09
  45      0   2.0  1.772752e+005      3.41
  45      5   2.0  1.742248e+005      3.34
  45     10   2.0  1.715116e+005      3.27
  45     15   2.0  1.693388e+005      3.21
  45    100   2.0  1.665674e+005      3.13
  45      0   2.5  1.785549e+005      3.45
  45      5   2.5  1.754907e+005      3.37
  45     10   2.5  1.727751e+005      3.30
  45     15   2.5  1.706132e+005      3.25
  45    100   2.5  1.679415e+005      3.17
  45      0   3.0  1.797879e+005      3.49
  45      5   3.0  1.767107e+005      3.41
  45     10   3.0  1.739937e+005      3.34
  45     15   3.0  1.718437e+005      3.28
  45    100   3.0  1.692667e+005      3.21
  45      0   3.5  1.809768e+005      3.52
  45      5   3.5  1.778878e+005      3.44
  45     10   3.5  1.751702e+005      3.37
  45     15   3.5  1.730327e+005      3.32
  45    100   3.5  1.705461e+005      3.25
  45      0   4.0  1.821243e+005      3.55
  45      5   4.0  1.790242e+005      3.48
  45     10   4.0  1.763070e+005      3.41
  45     15   4.0  1.741827e+005      3.35
  45    100   4.0  1.717823e+005      3.28
  45      0   4.5  1.832327e+005      3.59
  45      5   4.5  1.801223e+005      3.51
  45     10   4.5  1.774063e+005      3.44
  45     15   4.5  1.752959e+005      3.38
  45    100   4.5  1.729781e+005      3.31
  45      0   5.0  1.843041e+005      3.62
  45      5   5.0  1.811842e+005      3.54
  45     10   5.0  1.784702e+005      3.47
  45     15   5.0  1.763743e+005      3.41
  45    100   5.0  1.741354e+005      3.35
  50      0   0.0  1.896466e+005      3.70
  50      5   0.0  1.865608e+005      3.62
  50     10   0.0  1.840245e+005      3.55
  50     15   0.0  1.818895e+005      3.49
  50    100   0.0  1.776443e+005      3.37
  50      0   0.5  1.912848e+005      3.75
  50      5   0.5  1.881774e+005      3.67
  50     10   0.5  1.856353e+005      3.60
  50     15   0.5  1.835064e+005      3.54
  50    100   0.5  1.793897e+005      3.42
  50      0   1.0  1.928559e+005      3.79
  50      5   1.0  1.897278e+005      3.71
  50     10   1.0  1.871808e+005      3.65
  50     15   1.0  1.850586e+005      3.59
  50    100   1.0  1.810645e+005      3.47
  50      0   1.5  1.943643e+005      3.84
  50      5   1.5  1.912163e+005      3.76
  50     10   1.5  1.886653e+005      3.69
  50     15   1.5  1.865505e+005      3.63
  50    100   1.5  1.826735e+005      3.52
  50      0   2.0  1.958140e+005      3.89
  50      5   2.0  1.926472e+005      3.80
  50     10   2.0  1.900929e+005      3.73
  50     15   2.0  1.879860e+005      3.68
  50    100   2.0  1.842210e+005      3.57
  50      0   2.5  1.972089e+005      3.93
  50      5   2.5  1.940240e+005      3.84
  50     10   2.5  1.914669e+005      3.78
  50     15   2.5  1.893684e+005      3.72
  50    100   2.5  1.857110e+005      3.61
  50      0   3.0  1.985522e+005      3.97
  50      5   3.0  1.953500e+005      3.89
  50     10   3.0  1.927908e+005      3.82
  50     15   3.0  1.907013e+005      3.76
  50    100   3.0  1.871471e+005      3.65
  50      0   3.5  1.998470e+005      4.01
  50      5   3.5  1.966282e+005      3.93
  50     10   3.5  1.940676e+005      3.86
  50     15   3.5  1.919873e+005      3.80
  50    100   3.5  1.885325e+005      3.70
  50      0   4.0  2.010962e+005      4.05
  50      5   4.0  1.978613e+005      3.96
  50     10   4.0  1.952998e+005      3.89
  50     15   4.0  1.932293e+005      3.84
  50    100   4.0  1.898701e+005      3.74
  50      0   4.5  2.023023e+005      4.09
  50      5   4.5  1.990521e+005      4.00
  50     10   4.5  1.964901e+005      3.93
  50     15   4.5  1.944297e+005      3.87
  50    100   4.5  1.911628e+005      3.77
  50      0   5.0  2.034676e+005      4.13
  50      5   5.0  2.002026e+005      4.04
  50     10   5.0  1.976408e+005      3.97
  50     15   5.0  1.955908e+005      3.91
  50    100   5.0  1.924129e+005      3.81
  55      0   0.0  2.075751e+005      4.17
  55      5   0.0  2.043945e+005      4.08
  55     10   0.0  2.015361e+005      4.01
  55     15   0.0  1.991447e+005      3.94
  55    100   0.0  1.939750e+005      3.78
  55      0   0.5  2.093551e+005      4.23
  55      5   0.5  2.061573e+005      4.14
  55     10   0.5  2.032902e+005      4.06
  55     15   0.5  2.009008e+005      3.99
  55    100   0.5  1.958650e+005      3.84
  55      0   1.0  2.110620e+005      4.29
  55      5   1.0  2.078483e+005      4.20
  55     10   1.0  2.049732e+005      4.12
  55     15   1.0  2.025867e+005      4.05
  55    100   1.0  1.976798e+005      3.90
  55      0   1.5  2.127009e+005      4.34
  55      5   1.5  2.094721e+005      4.25
  55     10   1.5  2.065902e+005      4.17
  55     15   1.5  2.042071e+005      4.10
  55    100   1.5  1.994242e+005      3.95
  55      0   2.0  2.142761e+005      4.40
  55      5   2.0  2.110331e+005      4.30
  55     10   2.0  2.081450e+005      4.22
  55     15   2.0  2.057661e+005      4.15
  55    100   2.0  2.011028e+005      4.01
  55      0   2.5  2.157917e+005      4.45
  55      5   2.5  2.125353e+005      4.35
  55     10   2.5  2.096419e+005      4.27
  55     15   2.5  2.072677e+005      4.20
  55    100   2.5  2.027198e+005      4.06
  55      0   3.0  2.172512e+005      4.50
  55      5   3.0  2.139822e+005      4.40
  55     10   3.0  2.110842e+005      4.32
  55     15   3.0  2.087153e+005      4.25
  55    100   3.0  2.042790e+005      4.11
  55      0   3.5  2.186580e+005      4.54
  55      5   3.5  2.153772e+005      4.45
  55     10   3.5  2.124752e+005      4.36
  55     15   3.5  2.101121e+005      4.29
  55    100   3.5  2.057837e+005      4.16
  55      0   4.0  2.200153e+005      4.59
  55      5   4.0  2.167233e+005      4.49
  55     10   4.0  2.138180e+005      4.41
  55     15   4.0  2.114610e+005      4.34
  55    100   4.0  2.072371e+005      4.20
  55      0   4.5  2.213258e+005      4.64
  55      5   4.5  2.180233e+005      4.54
  55     10   4.5  2.151152e+005      4.45
  55     15   4.5  2.127649e+005      4.38
  55    100   4.5  2.086423e+005      4.25
  55      0   5.0  2.225920e+005      4.68
  55      5   5.0  2.192797e+005      4.58
  55     10   5.0  2.163694e+005      4.49
  55     15   5.0  2.140260e+005      4.42
  55    100   5.0  2.100016e+005      4.29
  60      0   0.0  2.217570e+005      4.60
  60      5   0.0  2.191317e+005      4.52
  60     10   0.0  2.165470e+005      4.44
  60     15   0.0  2.141642e+005      4.36
  60    100   0.0  2.080858e+005      4.17
  60      0   0.5  2.235874e+005      4.66
  60      5   0.5  2.209602e+005      4.58
  60     10   0.5  2.183754e+005      4.50
  60     15   0.5  2.159975e+005      4.43
  60    100   0.5  2.100540e+005      4.24
  60      0   1.0  2.253407e+005      4.73
  60      5   1.0  2.227122e+005      4.64
  60     10   1.0  2.201280e+005      4.56
  60     15   1.0  2.177555e+005      4.49
  60    100   1.0  2.119424e+005      4.30
  60      0   1.5  2.270220e+005      4.79
  60      5   1.5  2.243927e+005      4.70
  60     10   1.5  2.218098e+005      4.62
  60     15   1.5  2.194433e+005      4.54
  60    100   1.5  2.137562e+005      4.36
  60      0   2.0  2.286361e+005      4.85
  60      5   2.0  2.260067e+005      4.76
  60     10   2.0  2.234255e+005      4.68
  60     15   2.0  2.210656e+005      4.60
  60    100   2.0  2.155003e+005      4.42
  60      0   2.5  2.301872e+005      4.90
  60      5   2.5  2.275580e+005      4.81
  60     10   2.5  2.249792e+005      4.73
  60     15   2.5  2.226264e+005      4.66
  60    100   2.5  2.171791e+005      4.48
  60      0   3.0  2.316791e+005      4.96
  60      5   3.0  2.290508e+005      4.87
  60     10   3.0  2.264749e+005      4.78
  60     15   3.0  2.241294e+005      4.71
  60    100   3.0  2.187966e+005      4.53
  60      0   3.5  2.331155e+005      5.01
  60      5   3.5  2.304886e+005      4.92
  60     10   3.5  2.279159e+005      4.83
  60     15   3.5  2.255783e+005      4.76
  60    100   3.5  2.203564e+005      4.58
  60      0   4.0  2.344999e+005      5.06
  60      5   4.0  2.318744e+005      4.97
  60     10   4.0  2.293054e+005      4.88
  60     15   4.0  2.269760e+005      4.81
  60    100   4.0  2.218618e+005      4.64
  60      0   4.5  2.358348e+005      5.11
  60      5   4.5  2.332114e+005      5.02
  60     10   4.5  2.306465e+005      4.93
  60     15   4.5  2.283256e+005      4.86
  60    100   4.5  2.233159e+005      4.69
  60      0   5.0  2.371233e+005      5.16
  60      5   5.0  2.345023e+005      5.07
  60     10   5.0  2.319417e+005      4.98
  60     15   5.0  2.296296e+005      4.90
  60    100   5.0  2.247217e+005      4.74
  65      0   0.0  2.337447e+005      5.01
  65      5   0.0  2.311349e+005      4.92
  65     10   0.0  2.287452e+005      4.83
  65     15   0.0  2.265668e+005      4.76
  65    100   0.0  2.199315e+005      4.53
  65      0   0.5  2.355862e+005      5.08
  65      5   0.5  2.329783e+005      4.98
  65     10   0.5  2.305936e+005      4.90
  65     15   0.5  2.284240e+005      4.83
  65    100   0.5  2.219311e+005      4.60
  65      0   1.0  2.373478e+005      5.15
  65      5   1.0  2.347423e+005      5.05
  65     10   1.0  2.323628e+005      4.97
  65     15   1.0  2.302025e+005      4.89
  65    100   1.0  2.238469e+005      4.67
  65      0   1.5  2.390348e+005      5.21
  65      5   1.5  2.364321e+005      5.12
  65     10   1.5  2.340585e+005      5.03
  65     15   1.5  2.319077e+005      4.95
  65    100   1.5  2.256849e+005      4.74
  65      0   2.0  2.406522e+005      5.28
  65      5   2.0  2.380529e+005      5.18
  65     10   2.0  2.356853e+005      5.09
  65     15   2.0  2.335445e+005      5.02
  65    100   2.0  2.274501e+005      4.80
  65      0   2.5  2.422045e+005      5.34
  65      5   2.5  2.396090e+005      5.24
  65     10   2.5  2.372478e+005      5.15
  65     15   2.5  2.351171e+005      5.08
  65    100   2.5  2.291470e+005      4.86
  65      0   3.0  2.436960e+005      5.40
  65      5   3.0  2.411044e+005      5.30
  65     10   3.0  2.387499e+005      5.21
  65     15   3.0  2.366296e+005      5.13
  65    100   3.0  2.307800e+005      4.92
  65      0   3.5  2.451301e+005      5.46
  65      5   3.5  2.425429e+005      5.35
  65     10   3.5  2.401953e+005      5.27
  65     15   3.5  2.380856e+005      5.19
  65    100   3.5  2.323529e+005      4.98
  65      0   4.0  2.465103e+005      5.51
  65      5   4.0  2.439279e+005      5.41
  65     10   4.0  2.415875e+005      5.32
  65     15   4.0  2.394885e+005      5.24
  65    100   4.0  2.338691e+005      5.04
  65      0   4.5  2.478400e+005      5.57
  65      5   4.5  2.452624e+005      5.46
  65     10   4.5  2.429295e+005      5.37
  65     15   4.5  2.408412e+005      5.29
  65    100   4.5  2.353321e+005      5.09
  65      0   5.0  2.491219e+005      5.62
  65      5   5.0  2.465494e+005      5.51
  65     10   5.0  2.442241e+005      5.42
  65     15   5.0  2.421468e+005      5.35
  65    100   5.0  2.367446e+005      5.14
  70      0   0.0  2.442940e+005      5.43
  70      5   0.0  2.418613e+005      5.33
  70     10   0.0  2.395461e+005      5.23
  70     15   0.0  2.374269e+005      5.15
  70    100   0.0  2.303713e+005      4.89
  70      0   0.5  2.461099e+005      5.51
  70      5   0.5  2.436883e+005      5.40
  70     10   0.5  2.413841e+005      5.31
  70     15   0.5  2.392774e+005      5.23
  70    100   0.5  2.323734e+005      4.97
  70      0   1.0  2.478438e+005      5.58
  70      5   1.0  2.454338e+005      5.48
  70     10   1.0  2.431409e+005      5.38
  70     15   1.0  2.410469e+005      5.30
  70    100   1.0  2.342893e+005      5.04
  70      0   1.5  2.495014e+005      5.65
  70      5   1.5  2.471032e+005      5.55
  70     10   1.5  2.448219e+005      5.45
  70     15   1.5  2.427407e+005      5.37
  70    100   1.5  2.361247e+005      5.11
  70      0   2.0  2.510879e+005      5.72
  70      5   2.0  2.487018e+005      5.61
  70     10   2.0  2.464323e+005      5.52
  70     15   2.0  2.443642e+005      5.43
  70    100   2.0  2.378851e+005      5.18
  70      0   2.5  2.526079e+005      5.79
  70      5   2.5  2.502340e+005      5.68
  70     10   2.5  2.479766e+005      5.58
  70     15   2.5  2.459217e+005      5.50
  70    100   2.5  2.395752e+005      5.25
  70      0   3.0  2.540657e+005      5.85
  70      5   3.0  2.517043e+005      5.74
  70     10   3.0  2.494591e+005      5.64
  70     15   3.0  2.474174e+005      5.56
  70    100   3.0  2.411993e+005      5.31
  70      0   3.5  2.554651e+005      5.91
  70      5   3.5  2.531165e+005      5.80
  70     10   3.5  2.508836e+005      5.70
  70     15   3.5  2.488553e+005      5.62
  70    100   3.5  2.427618e+005      5.37
  70      0   4.0  2.568098e+005      5.97
  70      5   4.0  2.544741e+005      5.86
  70     10   4.0  2.522535e+005      5.76
  70     15   4.0  2.502386e+005      5.68
  70    100   4.0  2.442659e+005      5.43
  70      0   4.5  2.581031e+005      6.03
  70      5   4.5  2.557801e+005      5.92
  70     10   4.5  2.535721e+005      5.82
  70     15   4.5  2.515706e+005      5.73
  70    100   4.5  2.457152e+005      5.49
  70      0   5.0  2.593477e+005      6.09
  70      5   5.0  2.570378e+005      5.98
  70     10   5.0  2.548423e+005      5.87
  70     15   5.0  2.528542e+005      5.79
  70    100   5.0  2.471128e+005      5.55
  75      0   0.0  2.531173e+005      5.85
  75      5   0.0  2.509885e+005      5.74
  75     10   0.0  2.488660e+005      5.64
  75     15   0.0  2.468588e+005      5.55
  75    100   0.0  2.395322e+005      5.25
  75      0   0.5  2.548695e+005      5.93
  75      5   0.5  2.527613e+005      5.82
  75     10   0.5  2.506578e+005      5.72
  75     15   0.5  2.486688e+005      5.63
  75    100   0.5  2.415043e+005      5.33
  75      0   1.0  2.565388e+005      6.01
  75      5   1.0  2.544513e+005      5.90
  75     10   1.0  2.523668e+005      5.80
  75     15   1.0  2.503961e+005      5.71
  75    100   1.0  2.433881e+005      5.41
  75      0   1.5  2.581314e+005      6.09
  75      5   1.5  2.560646e+005      5.98
  75     10   1.5  2.539990e+005      5.87
  75     15   1.5  2.520466e+005      5.78
  75    100   1.5  2.451899e+005      5.49
  75      0   2.0  2.596523e+005      6.16
  75      5   2.0  2.576062e+005      6.05
  75     10   2.0  2.555596e+005      5.94
  75     15   2.0  2.536255e+005      5.85
  75    100   2.0  2.469148e+005      5.56
  75      0   2.5  2.611064e+005      6.23
  75      5   2.5  2.590809e+005      6.12
  75     10   2.5  2.570533e+005      6.01
  75     15   2.5  2.551374e+005      5.92
  75    100   2.5  2.485681e+005      5.63
  75      0   3.0  2.624980e+005      6.30
  75      5   3.0  2.604931e+005      6.19
  75     10   3.0  2.584844e+005      6.08
  75     15   3.0  2.565867e+005      5.99
  75    100   3.0  2.501543e+005      5.70
  75      0   3.5  2.638313e+005      6.36
  75      5   3.5  2.618468e+005      6.25
  75     10   3.5  2.598570e+005      6.14
  75     15   3.5  2.579773e+005      6.05
  75    100   3.5  2.516774e+005      5.77
  75      0   4.0  2.651097e+005      6.43
  75      5   4.0  2.631456e+005      6.31
  75     10   4.0  2.611746e+005      6.21
  75     15   4.0  2.593127e+005      6.11
  75    100   4.0  2.531413e+005      5.83
  75      0   4.5  2.663366e+005      6.49
  75      5   4.5  2.643927e+005      6.37
  75     10   4.5  2.624404e+005      6.27
  75     15   4.5  2.605964e+005      6.17
  75    100   4.5  2.545495e+005      5.89
  75      0   5.0  2.675151e+005      6.55
  75      5   5.0  2.655912e+005      6.43
  75     10   5.0  2.636573e+005      6.33
  75     15   5.0  2.618311e+005      6.23
  75    100   5.0  2.559053e+005      5.96
  80      0   0.0  2.599640e+005      6.25
  80      5   0.0  2.582028e+005      6.14
  80     10   0.0  2.563919e+005      6.04
  80     15   0.0  2.545949e+005      5.94
  80    100   0.0  2.472375e+005      5.60
  80      0   0.5  2.616248e+005      6.33
  80      5   0.5  2.598915e+005      6.23
  80     10   0.5  2.581063e+005      6.12
  80     15   0.5  2.563332e+005      6.03
  80    100   0.5  2.491499e+005      5.69
  80      0   1.0  2.632033e+005      6.42
  80      5   1.0  2.614976e+005      6.31
  80     10   1.0  2.597380e+005      6.20
  80     15   1.0  2.579885e+005      6.11
  80    100   1.0  2.509731e+005      5.77
  80      0   1.5  2.647057e+005      6.49
  80      5   1.5  2.630272e+005      6.38
  80     10   1.5  2.612927e+005      6.28
  80     15   1.5  2.595667e+005      6.18
  80    100   1.5  2.527134e+005      5.85
  80      0   2.0  2.661372e+005      6.57
  80      5   2.0  2.644856e+005      6.46
  80     10   2.0  2.627760e+005      6.35
  80     15   2.0  2.610731e+005      6.26
  80    100   2.0  2.543762e+005      5.93
  80      0   2.5  2.675027e+005      6.64
  80      5   2.5  2.658776e+005      6.53
  80     10   2.5  2.641926e+005      6.43
  80     15   2.5  2.625127e+005      6.33
  80    100   2.5  2.559669e+005      6.00
  80      0   3.0  2.688065e+005      6.71
  80      5   3.0  2.672077e+005      6.60
  80     10   3.0  2.655470e+005      6.50
  80     15   3.0  2.638897e+005      6.40
  80    100   3.0  2.574902e+005      6.08
  80      0   3.5  2.700529e+005      6.78
  80      5   3.5  2.684798e+005      6.67
  80     10   3.5  2.668431e+005      6.56
  80     15   3.5  2.652081e+005      6.46
  80    100   3.5  2.589500e+005      6.15
  80      0   4.0  2.712452e+005      6.85
  80      5   4.0  2.696977e+005      6.74
  80     10   4.0  2.680846e+005      6.63
  80     15   4.0  2.664717e+005      6.53
  80    100   4.0  2.603505e+005      6.21
  80      0   4.5  2.723870e+005      6.91
  80      5   4.5  2.708646e+005      6.80
  80     10   4.5  2.692748e+005      6.69
  80     15   4.5  2.676838e+005      6.59
  80    100   4.5  2.616951e+005      6.28
  80      0   5.0  2.734813e+005      6.97
  80      5   5.0  2.719838e+005      6.86
  80     10   5.0  2.704169e+005      6.75
  80     15   5.0  2.688473e+005      6.65
  80    100   5.0  2.629871e+005      6.34
  85      0   0.0  2.651343e+005      6.63
  85      5   0.0  2.637231e+005      6.52
  85     10   0.0  2.622307e+005      6.41
  85     15   0.0  2.607014e+005      6.32
  85    100   0.0  2.534949e+005      5.94
  85      0   0.5  2.666865e+005      6.72
  85      5   0.5  2.653089e+005      6.61
  85     10   0.5  2.638474e+005      6.50
  85     15   0.5  2.623465e+005      6.40
  85    100   0.5  2.553257e+005      6.03
  85      0   1.0  2.681582e+005      6.80
  85      5   1.0  2.668135e+005      6.69
  85     10   1.0  2.653824e+005      6.58
  85     15   1.0  2.639095e+005      6.48
  85    100   1.0  2.570674e+005      6.12
  85      0   1.5  2.695554e+005      6.88
  85      5   1.5  2.682430e+005      6.77
  85     10   1.5  2.668417e+005      6.66
  85     15   1.5  2.653962e+005      6.56
  85    100   1.5  2.587264e+005      6.20
  85      0   2.0  2.708833e+005      6.96
  85      5   2.0  2.696028e+005      6.85
  85     10   2.0  2.682305e+005      6.74
  85     15   2.0  2.668121e+005      6.64
  85    100   2.0  2.603083e+005      6.28
  85      0   2.5  2.721469e+005      7.03
  85      5   2.5  2.708975e+005      6.92
  85     10   2.5  2.695540e+005      6.81
  85     15   2.5  2.681619e+005      6.72
  85    100   2.5  2.618183e+005      6.36
  85      0   3.0  2.733506e+005      7.11
  85      5   3.0  2.721318e+005      6.99
  85     10   3.0  2.708163e+005      6.89
  85     15   3.0  2.694504e+005      6.79
  85    100   3.0  2.632613e+005      6.43
  85      0   3.5  2.744983e+005      7.18
  85      5   3.5  2.733096e+005      7.06
  85     10   3.5  2.720217e+005      6.96
  85     15   3.5  2.706813e+005      6.86
  85    100   3.5  2.646414e+005      6.51
  85      0   4.0  2.755936e+005      7.24
  85      5   4.0  2.744344e+005      7.13
  85     10   4.0  2.731738e+005      7.02
  85     15   4.0  2.718583e+005      6.92
  85    100   4.0  2.659627e+005      6.58
  85      0   4.5  2.766401e+005      7.31
  85      5   4.5  2.755098e+005      7.20
  85     10   4.5  2.742757e+005      7.09
  85     15   4.5  2.729847e+005      6.99
  85    100   4.5  2.672286e+005      6.64
  85      0   5.0  2.776407e+005      7.37
  85      5   5.0  2.765387e+005      7.26
  85     10   5.0  2.753307e+005      7.15
  85     15   5.0  2.740638e+005      7.05
  85    100   5.0  2.684427e+005      6.71
  90      0   0.0  2.688102e+005      6.98
  90      5   0.0  2.677513e+005      6.87
  90     10   0.0  2.665771e+005      6.77
  90     15   0.0  2.653242e+005      6.67
  90    100   0.0  2.584766e+005      6.26
  90      0   0.5  2.702480e+005      7.07
  90      5   0.5  2.692259e+005      6.96
  90     10   0.5  2.680861e+005      6.85
  90     15   0.5  2.668647e+005      6.76
  90    100   0.5  2.602109e+005      6.36
  90      0   1.0  2.716077e+005      7.15
  90      5   1.0  2.706216e+005      7.04
  90     10   1.0  2.695150e+005      6.94
  90     15   1.0  2.683245e+005      6.84
  90    100   1.0  2.618573e+005      6.44
  90      0   1.5  2.728953e+005      7.24
  90      5   1.5  2.719443e+005      7.13
  90     10   1.5  2.708701e+005      7.02
  90     15   1.5  2.697099e+005      6.92
  90    100   1.5  2.634218e+005      6.53
  90      0   2.0  2.741159e+005      7.32
  90      5   2.0  2.731993e+005      7.20
  90     10   2.0  2.721570e+005      7.10
  90     15   2.0  2.710261e+005      7.00
  90    100   2.0  2.649107e+005      6.61
  90      0   2.5  2.752747e+005      7.39
  90      5   2.5  2.743916e+005      7.28
  90     10   2.5  2.733803e+005      7.18
  90     15   2.5  2.722781e+005      7.08
  90    100   2.5  2.663288e+005      6.69
  90      0   3.0  2.763756e+005      7.47
  90      5   3.0  2.755252e+005      7.35
  90     10   3.0  2.745443e+005      7.25
  90     15   3.0  2.734703e+005      7.15
  90    100   3.0  2.676810e+005      6.77
  90      0   3.5  2.774226e+005      7.54
  90      5   3.5  2.766044e+005      7.42
  90     10   3.5  2.756533e+005      7.32
  90     15   3.5  2.746067e+005      7.22
  90    100   3.5  2.689716e+005      6.84
  90      0   4.0  2.784195e+005      7.60
  90      5   4.0  2.776326e+005      7.49
  90     10   4.0  2.767103e+005      7.39
  90     15   4.0  2.756907e+005      7.29
  90    100   4.0  2.702045e+005      6.91
  90      0   4.5  2.793695e+005      7.67
  90      5   4.5  2.786132e+005      7.56
  90     10   4.5  2.777194e+005      7.45
  90     15   4.5  2.767259e+005      7.35
  90    100   4.5  2.713834e+005      6.98
  90      0   5.0  2.802757e+005      7.74
  90      5   5.0  2.795492e+005      7.62
  90     10   5.0  2.786831e+005      7.52
  90     15   5.0  2.777153e+005      7.42
  90    100   5.0  2.725115e+005      7.05
  95      0   0.0  2.712576e+005      7.31
  95      5   0.0  2.705211e+005      7.20
  95     10   0.0  2.696511e+005      7.10
  95     15   0.0  2.686708e+005      7.00
  95    100   0.0  2.623258e+005      6.57
  95      0   0.5  2.725780e+005      7.40
  95      5   0.5  2.718804e+005      7.29
  95     10   0.5  2.710470e+005      7.19
  95     15   0.5  2.701005e+005      7.09
  95    100   0.5  2.639560e+005      6.67
  95      0   1.0  2.738233e+005      7.49
  95      5   1.0  2.731637e+005      7.38
  95     10   1.0  2.723658e+005      7.27
  95     15   1.0  2.714522e+005      7.18
  95    100   1.0  2.655000e+005      6.76
  95      0   1.5  2.749993e+005      7.57
  95      5   1.5  2.743766e+005      7.46
  95     10   1.5  2.736134e+005      7.36
  95     15   1.5  2.727317e+005      7.26
  95    100   1.5  2.669639e+005      6.84
  95      0   2.0  2.761113e+005      7.65
  95      5   2.0  2.755244e+005      7.54
  95     10   2.0  2.747949e+005      7.44
  95     15   2.0  2.739443e+005      7.34
  95    100   2.0  2.683539e+005      6.93
  95      0   2.5  2.771638e+005      7.73
  95      5   2.5  2.766121e+005      7.62
  95     10   2.5  2.759153e+005      7.51
  95     15   2.5  2.750950e+005      7.41
  95    100   2.5  2.696748e+005      7.01
  95      0   3.0  2.781613e+005      7.80
  95      5   3.0  2.776436e+005      7.69
  95     10   3.0  2.769788e+005      7.59
  95     15   3.0  2.761879e+005      7.49
  95    100   3.0  2.709315e+005      7.09
  95      0   3.5  2.791073e+005      7.87
  95      5   3.5  2.786230e+005      7.76
  95     10   3.5  2.779892e+005      7.66
  95     15   3.5  2.772271e+005      7.56
  95    100   3.5  2.721283e+005      7.16
  95      0   4.0  2.800056e+005      7.94
  95      5   4.0  2.795537e+005      7.83
  95     10   4.0  2.789502e+005      7.73
  95     15   4.0  2.782160e+005      7.63
  95    100   4.0  2.732692e+005      7.23
  95      0   4.5  2.808592e+005      8.01
  95      5   4.5  2.804389e+005      7.90
  95     10   4.5  2.798650e+005      7.79
  95     15   4.5  2.791581e+005      7.70
  95    100   4.5  2.743574e+005      7.31
  95      0   5.0  2.816711e+005      8.07
  95      5   5.0  2.812817e+005      7.96
  95     10   5.0  2.807366e+005      7.86
  95     15   5.0  2.800562e+005      7.76
  95    100   5.0  2.753965e+005      7.37
 100      0   0.0  2.727083e+005      7.62
 100      5   0.0  2.722639e+005      7.51
 100     10   0.0  2.716709e+005      7.41
 100     15   0.0  2.709497e+005      7.31
 100    100   0.0  2.651930e+005      6.86
 100      0   0.5  2.739142e+005      7.71
 100      5   0.5  2.735099e+005      7.60
 100     10   0.5  2.729545e+005      7.50
 100     15   0.5  2.722684e+005      7.40
 100    100   0.5  2.667175e+005      6.96
 100      0   1.0  2.750483e+005      7.80
 100      5   1.0  2.746829e+005      7.69
 100     10   1.0  2.741642e+005      7.59
 100     15   1.0  2.735119e+005      7.49
 100    100   1.0  2.681578e+005      7.05
 100      0   1.5  2.761163e+005      7.88
 100      5   1.5  2.757888e+005      7.77
 100     10   1.5  2.753051e+005      7.67
 100     15   1.5  2.746861e+005      7.57
 100    100   1.5  2.695204e+005      7.14
 100      0   2.0  2.771232e+005      7.96
 100      5   2.0  2.768325e+005      7.85
 100     10   2.0  2.763832e+005      7.75
 100     15   2.0  2.757960e+005      7.65
 100    100   2.0  2.708110e+005      7.22
 100      0   2.5  2.780736e+005      8.04
 100      5   2.5  2.778185e+005      7.93
 100     10   2.5  2.774025e+005      7.83
 100     15   2.5  2.768464e+005      7.73
 100    100   2.5  2.720347e+005      7.30
 100      0   3.0  2.789716e+005      8.11
 100      5   3.0  2.787511e+005      8.01
 100     10   3.0  2.783675e+005      7.90
 100     15   3.0  2.778415e+005      7.80
 100    100   3.0  2.731964e+005      7.38
 100      0   3.5  2.798207e+005      8.19
 100      5   3.5  2.796341e+005      8.08
 100     10   3.5  2.792821e+005      7.97
 100     15   3.5  2.787853e+005      7.88
 100    100   3.5  2.742999e+005      7.46
 100      0   4.0  2.806248e+005      8.25
 100      5   4.0  2.804709e+005      8.15
 100     10   4.0  2.801494e+005      8.04
 100     15   4.0  2.796813e+005      7.95
 100    100   4.0  2.753494e+005      7.53
 100      0   4.5  2.813864e+005      8.32
 100      5   4.5  2.812645e+005      8.21
 100     10   4.5  2.809728e+005      8.11
 100     15   4.5  2.805323e+005      8.01
 100    100   4.5  2.763482e+005      7.60
 100      0   5.0  2.821086e+005      8.39
 100      5   5.0  2.820178e+005      8.28
 100     10   5.0  2.817551e+005      8.17
 100     15   5.0  2.813415e+005      8.08
 100    100   5.0  2.772997e+005      7.67
 105      0   0.0  2.733042e+005      7.92
 105      5   0.0  2.731286e+005      7.81
 105     10   0.0  2.727980e+005      7.70
 105     15   0.0  2.723195e+005      7.61
 105    100   0.0  2.672242e+005      7.14
 105      0   0.5  2.743971e+005      8.01
 105      5   0.5  2.742627e+005      7.90
 105     10   0.5  2.739706e+005      7.80
 105     15   0.5  2.735281e+005      7.70
 105    100   0.5  2.686418e+005      7.23
 105      0   1.0  2.754218e+005      8.10
 105      5   1.0  2.753272e+005      7.99
 105     10   1.0  2.750726e+005      7.88
 105     15   1.0  2.746646e+005      7.79
 105    100   1.0  2.699779e+005      7.33
 105      0   1.5  2.763838e+005      8.18
 105      5   1.5  2.763275e+005      8.07
 105     10   1.5  2.761092e+005      7.97
 105     15   1.5  2.757347e+005      7.87
 105    100   1.5  2.712389e+005      7.42
 105      0   2.0  2.772880e+005      8.26
 105      5   2.0  2.772690e+005      8.15
 105     10   2.0  2.770854e+005      8.05
 105     15   2.0  2.767433e+005      7.95
 105    100   2.0  2.724303e+005      7.50
 105      0   2.5  2.781385e+005      8.34
 105      5   2.5  2.781558e+005      8.23
 105     10   2.5  2.780060e+005      8.13
 105     15   2.5  2.776953e+005      8.03
 105    100   2.5  2.735571e+005      7.58
 105      0   3.0  2.789395e+005      8.41
 105      5   3.0  2.789916e+005      8.30
 105     10   3.0  2.788748e+005      8.20
 105     15   3.0  2.785946e+005      8.10
 105    100   3.0  2.746240e+005      7.66
 105      0   3.5  2.796943e+005      8.48
 105      5   3.5  2.797805e+005      8.38
 105     10   3.5  2.796958e+005      8.27
 105     15   3.5  2.794451e+005      8.17
 105    100   3.5  2.756351e+005      7.74
 105      0   4.0  2.804066e+005      8.55
 105      5   4.0  2.805258e+005      8.44
 105     10   4.0  2.804720e+005      8.34
 105     15   4.0  2.802500e+005      8.24
 105    100   4.0  2.765943e+005      7.82
 105      0   4.5  2.810788e+005      8.62
 105      5   4.5  2.812302e+005      8.51
 105     10   4.5  2.812067e+005      8.41
 105     15   4.5  2.810124e+005      8.31
 105    100   4.5  2.775047e+005      7.89
 105      0   5.0  2.817140e+005      8.69
 105      5   5.0  2.818967e+005      8.58
 105     10   5.0  2.819024e+005      8.47
 105     15   5.0  2.817352e+005      8.38
 105    100   5.0  2.783699e+005      7.96
 110      0   0.0  2.732297e+005      8.20
 110      5   0.0  2.732970e+005      8.09
 110     10   0.0  2.732000e+005      7.99
 110     15   0.0  2.729473e+005      7.89
 110    100   0.0  2.685586e+005      7.40
 110      0   0.5  2.742148e+005      8.29
 110      5   0.5  2.743234e+005      8.18
 110     10   0.5  2.742650e+005      8.08
 110     15   0.5  2.740489e+005      7.98
 110    100   0.5  2.698711e+005      7.50
 110      0   1.0  2.751349e+005      8.38
 110      5   1.0  2.752836e+005      8.27
 110     10   1.0  2.752629e+005      8.17
 110     15   1.0  2.750816e+005      8.07
 110    100   1.0  2.711047e+005      7.59
 110      0   1.5  2.759958e+005      8.46
 110      5   1.5  2.761830e+005      8.35
 110     10   1.5  2.761987e+005      8.25
 110     15   1.5  2.760511e+005      8.15
 110    100   1.5  2.722661e+005      7.68
 110      0   2.0  2.768018e+005      8.54
 110      5   2.0  2.770265e+005      8.43
 110     10   2.0  2.770771e+005      8.33
 110     15   2.0  2.769622e+005      8.23
 110    100   2.0  2.733605e+005      7.77
 110      0   2.5  2.775573e+005      8.62
 110      5   2.5  2.778182e+005      8.51
 110     10   2.5  2.779028e+005      8.41
 110     15   2.5  2.778194e+005      8.31
 110    100   2.5  2.743928e+005      7.85
 110      0   3.0  2.782660e+005      8.70
 110      5   3.0  2.785619e+005      8.59
 110     10   3.0  2.786793e+005      8.48
 110     15   3.0  2.786267e+005      8.39
 110    100   3.0  2.753675e+005      7.93
 110      0   3.5  2.789315e+005      8.77
 110      5   3.5  2.792613e+005      8.66
 110     10   3.5  2.794108e+005      8.56
 110     15   3.5  2.793875e+005      8.46
 110    100   3.5  2.762891e+005      8.01
 110      0   4.0  2.795568e+005      8.84
 110      5   4.0  2.799194e+005      8.73
 110     10   4.0  2.800998e+005      8.63
 110     15   4.0  2.801053e+005      8.53
 110    100   4.0  2.771605e+005      8.08
 110      0   4.5  2.801444e+005      8.91
 110      5   4.5  2.805394e+005      8.80
 110     10   4.5  2.807496e+005      8.69
 110     15   4.5  2.807830e+005      8.60
 110    100   4.5  2.779856e+005      8.16
 110      0   5.0  2.806973e+005      8.97
 110      5   5.0  2.811235e+005      8.86
 110     10   5.0  2.813630e+005      8.76
 110     15   5.0  2.814231e+005      8.66
 110    100   5.0  2.787673e+005      8.23
 115      0   0.0  2.726141e+005      8.47
 115      5   0.0  2.728838e+005      8.37
 115     10   0.0  2.730003e+005      8.26
 115     15   0.0  2.729555e+005      8.16
 115    100   0.0  2.693029e+005      7.66
 115      0   0.5  2.734966e+005      8.57
 115      5   0.5  2.738067e+005      8.46
 115     10   0.5  2.739621e+005      8.35
 115     15   0.5  2.739538e+005      8.25
 115    100   0.5  2.705121e+005      7.76
 115      0   1.0  2.743180e+005      8.65
 115      5   1.0  2.746673e+005      8.54
 115     10   1.0  2.748599e+005      8.44
 115     15   1.0  2.748867e+005      8.34
 115    100   1.0  2.716458e+005      7.85
 115      0   1.5  2.750830e+005      8.74
 115      5   1.5  2.754702e+005      8.63
 115     10   1.5  2.756990e+005      8.52
 115     15   1.5  2.757596e+005      8.42
 115    100   1.5  2.727099e+005      7.94
 115      0   2.0  2.757967e+005      8.82
 115      5   2.0  2.762203e+005      8.71
 115     10   2.0  2.764840e+005      8.60
 115     15   2.0  2.765772e+005      8.51
 115    100   2.0  2.737098e+005      8.03
 115      0   2.5  2.764626e+005      8.90
 115      5   2.5  2.769216e+005      8.79
 115     10   2.5  2.772189e+005      8.68
 115     15   2.5  2.773437e+005      8.58
 115    100   2.5  2.746504e+005      8.11
 115      0   3.0  2.770848e+005      8.97
 115      5   3.0  2.775777e+005      8.86
 115     10   3.0  2.779078e+005      8.76
 115     15   3.0  2.780628e+005      8.66
 115    100   3.0  2.755360e+005      8.19
 115      0   3.5  2.776658e+005      9.04
 115      5   3.5  2.781923e+005      8.93
 115     10   3.5  2.785538e+005      8.83
 115     15   3.5  2.787382e+005      8.73
 115    100   3.5  2.763704e+005      8.27
 115      0   4.0  2.782094e+005      9.11
 115      5   4.0  2.787680e+005      9.00
 115     10   4.0  2.791601e+005      8.90
 115     15   4.0  2.793730e+005      8.80
 115    100   4.0  2.771575e+005      8.34
 115      0   4.5  2.787179e+005      9.18
 115      5   4.5  2.793077e+005      9.07
 115     10   4.5  2.797295e+005      8.97
 115     15   4.5  2.799699e+005      8.87
 115    100   4.5  2.779003e+005      8.41
 115      0   5.0  2.791940e+005      9.24
 115      5   5.0  2.798138e+005      9.13
 115     10   5.0  2.802642e+005      9.03
 115     15   5.0  2.805315e+005      8.93
 115    100   5.0  2.786017e+005      8.48
 120      0   0.0  2.715796e+005      8.74
 120      5   0.0  2.720393e+005      8.63
 120     10   0.0  2.723355e+005      8.52
 120     15   0.0  2.724748e+005      8.42
 120    100   0.0  2.695700e+005      7.90
 120      0   0.5  2.723662e+005      8.83
 120      5   0.5  2.728658e+005      8.72
 120     10   0.5  2.732000e+005      8.61
 120     15   0.5  2.733749e+005      8.51
 120    100   0.5  2.706803e+005      8.00
 120      0   1.0  2.730951e+005      8.92
 120      5   1.0  2.736330e+005      8.80
 120     10   1.0  2.740039e+005      8.70
 120     15   1.0  2.742136e+005      8.60
 120    100   1.0  2.717184e+005      8.09
 120      0   1.5  2.737715e+005      9.00
 120      5   1.5  2.743463e+005      8.89
 120     10   1.5  2.747523e+005      8.78
 120     15   1.5  2.749953e+005      8.68
 120    100   1.5  2.726900e+005      8.18
 120      0   2.0  2.743988e+005      9.08
 120      5   2.0  2.750095e+005      8.97
 120     10   2.0  2.754497e+005      8.86
 120     15   2.0  2.757246e+005      8.77
 120    100   2.0  2.735999e+005      8.27
 120      0   2.5  2.749815e+005      9.16
 120      5   2.5  2.756268e+005      9.05
 120     10   2.5  2.760997e+005      8.94
 120     15   2.5  2.764056e+005      8.84
 120    100   2.5  2.744534e+005      8.36
 120      0   3.0  2.755233e+005      9.23
 120      5   3.0  2.762017e+005      9.12
 120     10   3.0  2.767062e+005      9.02
 120     15   3.0  2.770421e+005      8.92
 120    100   3.0  2.752543e+005      8.44
 120      0   3.5  2.760265e+005      9.30
 120      5   3.5  2.767375e+005      9.19
 120     10   3.5  2.772726e+005      9.09
 120     15   3.5  2.776374e+005      8.99
 120    100   3.5  2.760065e+005      8.51
 120      0   4.0  2.764944e+005      9.37
 120      5   4.0  2.772368e+005      9.26
 120     10   4.0  2.778016e+005      9.16
 120     15   4.0  2.781943e+005      9.06
 120    100   4.0  2.767136e+005      8.59
 120      0   4.5  2.769299e+005      9.44
 120      5   4.5  2.777024e+005      9.33
 120     10   4.5  2.782959e+005      9.23
 120     15   4.5  2.787153e+005      9.13
 120    100   4.5  2.773788e+005      8.66
 120      0   5.0  2.773349e+005      9.50
 120      5   5.0  2.781366e+005      9.39
 120     10   5.0  2.787580e+005      9.29
 120     15   5.0  2.792037e+005      9.19
 120    100   5.0  2.780044e+005      8.73
 125      0   0.0  2.701661e+005      8.99
 125      5   0.0  2.707939e+005      8.88
 125     10   0.0  2.712637e+005      8.77
 125     15   0.0  2.715700e+005      8.67
 125    100   0.0  2.694101e+005      8.14
 125      0   0.5  2.708625e+005      9.08
 125      5   0.5  2.715292e+005      8.97
 125     10   0.5  2.720362e+005      8.86
 125     15   0.5  2.723776e+005      8.76
 125    100   0.5  2.704256e+005      8.24
 125      0   1.0  2.715045e+005      9.17
 125      5   1.0  2.722086e+005      9.06
 125     10   1.0  2.727513e+005      8.95
 125     15   1.0  2.731268e+005      8.85
 125    100   1.0  2.713719e+005      8.33
 125      0   1.5  2.720970e+005      9.25
 125      5   1.5  2.728369e+005      9.14
 125     10   1.5  2.734143e+005      9.04
 125     15   1.5  2.738222e+005      8.94
 125    100   1.5  2.722547e+005      8.42
 125      0   2.0  2.726437e+005      9.33
 125      5   2.0  2.734184e+005      9.22
 125     10   2.0  2.740288e+005      9.12
 125     15   2.0  2.744684e+005      9.02
 125    100   2.0  2.730787e+005      8.51
 125      0   2.5  2.731486e+005      9.41
 125      5   2.5  2.739567e+005      9.30
 125     10   2.5  2.745991e+005      9.19
 125     15   2.5  2.750689e+005      9.09
 125    100   2.5  2.738489e+005      8.59
 125      0   3.0  2.736148e+005      9.48
 125      5   3.0  2.744551e+005      9.37
 125     10   3.0  2.751285e+005      9.27
 125     15   3.0  2.756273e+005      9.17
 125    100   3.0  2.745692e+005      8.67
 125      0   3.5  2.740452e+005      9.56
 125      5   3.5  2.749168e+005      9.45
 125     10   3.5  2.756202e+005      9.34
 125     15   3.5  2.761472e+005      9.24
 125    100   3.5  2.752433e+005      8.75
 125      0   4.0  2.744428e+005      9.63
 125      5   4.0  2.753444e+005      9.52
 125     10   4.0  2.760768e+005      9.41
 125     15   4.0  2.766308e+005      9.31
 125    100   4.0  2.758745e+005      8.83
 125      0   4.5  2.748099e+005      9.69
 125      5   4.5  2.757407e+005      9.58
 125     10   4.5  2.765008e+005      9.48
 125     15   4.5  2.770811e+005      9.38
 125    100   4.5  2.764657e+005      8.90
 125      0   5.0  2.751483e+005      9.76
 125      5   5.0  2.761075e+005      9.65
 125     10   5.0  2.768946e+005      9.54
 125     15   5.0  2.775005e+005      9.44
 125    100   5.0  2.770198e+005      8.97
 130      0   0.0  2.684746e+005      9.23
 130      5   0.0  2.692967e+005      9.12
 130     10   0.0  2.699058e+005      9.01
 130     15   0.0  2.703577e+005      8.91
 130    100   0.0  2.689072e+005      8.37
 130      0   0.5  2.690872e+005      9.32
 130      5   0.5  2.699480e+005      9.21
 130     10   0.5  2.705931e+005      9.11
 130     15   0.5  2.710793e+005      9.00
 130    100   0.5  2.698332e+005      8.47
 130      0   1.0  2.696488e+005      9.41
 130      5   1.0  2.705465e+005      9.30
 130     10   1.0  2.712263e+005      9.19
 130     15   1.0  2.717452e+005      9.09
 130    100   1.0  2.706932e+005      8.56
 130      0   1.5  2.701637e+005      9.49
 130      5   1.5  2.710971e+005      9.38
 130     10   1.5  2.718101e+005      9.28
 130     15   1.5  2.723607e+005      9.18
 130    100   1.5  2.714926e+005      8.65
 130      0   2.0  2.706359e+005      9.57
 130      5   2.0  2.716037e+005      9.46
 130     10   2.0  2.723487e+005      9.36
 130     15   2.0  2.729294e+005      9.26
 130    100   2.0  2.722361e+005      8.74
 130      0   2.5  2.710688e+005      9.65
 130      5   2.5  2.720695e+005      9.54
 130     10   2.5  2.728452e+005      9.43
 130     15   2.5  2.734555e+005      9.33
 130    100   2.5  2.729283e+005      8.82
 130      0   3.0  2.714655e+005      9.73
 130      5   3.0  2.724984e+005      9.61
 130     10   3.0  2.733036e+005      9.51
 130     15   3.0  2.739419e+005      9.41
 130    100   3.0  2.735731e+005      8.90
 130      0   3.5  2.718288e+005      9.80
 130      5   3.5  2.728926e+005      9.68
 130     10   3.5  2.737264e+005      9.58
 130     15   3.5  2.743919e+005      9.48
 130    100   3.5  2.741741e+005      8.98
 130      0   4.0  2.721615e+005      9.87
 130      5   4.0  2.732550e+005      9.75
 130     10   4.0  2.741164e+005      9.65
 130     15   4.0  2.748082e+005      9.55
 130    100   4.0  2.747342e+005      9.05
 130      0   4.5  2.724655e+005      9.93
 130      5   4.5  2.735880e+005      9.82
 130     10   4.5  2.744761e+005      9.72
 130     15   4.5  2.751932e+005      9.62
 130    100   4.5  2.752566e+005      9.13
 130      0   5.0  2.727430e+005     10.00
 130      5   5.0  2.738936e+005      9.89
 130     10   5.0  2.748076e+005      9.78
 130     15   5.0  2.755488e+005      9.68
 130    100   5.0  2.757439e+005      9.20
 135      0   0.0  2.666928e+005      9.46
 135      5   0.0  2.675268e+005      9.35
 135     10   0.0  2.682740e+005      9.25
 135     15   0.0  2.688616e+005      9.15
 135    100   0.0  2.681216e+005      8.59
 135      0   0.5  2.672309e+005      9.55
 135      5   0.5  2.680993e+005      9.44
 135     10   0.5  2.688813e+005      9.34
 135     15   0.5  2.695023e+005      9.24
 135    100   0.5  2.689633e+005      8.68
 135      0   1.0  2.677208e+005      9.64
 135      5   1.0  2.686226e+005      9.53
 135     10   1.0  2.694379e+005      9.42
 135     15   1.0  2.700906e+005      9.32
 135    100   1.0  2.697423e+005      8.78
 135      0   1.5  2.681670e+005      9.72
 135      5   1.5  2.691003e+005      9.61
 135     10   1.5  2.699478e+005      9.51
 135     15   1.5  2.706313e+005      9.41
 135    100   1.5  2.704634e+005      8.87
 135      0   2.0  2.685729e+005      9.80
 135      5   2.0  2.695370e+005      9.69
 135     10   2.0  2.704152e+005      9.59
 135     15   2.0  2.711278e+005      9.49
 135    100   2.0  2.711315e+005      8.95
 135      0   2.5  2.689422e+005      9.87
 135      5   2.5  2.699355e+005      9.77
 135     10   2.5  2.708432e+005      9.67
 135     15   2.5  2.715842e+005      9.57
 135    100   2.5  2.717508e+005      9.04
 135      0   3.0  2.692774e+005      9.95
 135      5   3.0  2.702993e+005      9.84
 135     10   3.0  2.712354e+005      9.74
 135     15   3.0  2.720035e+005      9.64
 135    100   3.0  2.723251e+005      9.12
 135      0   3.5  2.695816e+005     10.02
 135      5   3.5  2.706305e+005      9.92
 135     10   3.5  2.715943e+005      9.81
 135     15   3.5  2.723886e+005      9.71
 135    100   3.5  2.728577e+005      9.20
 135      0   4.0  2.698568e+005     10.09
 135      5   4.0  2.709320e+005      9.98
 135     10   4.0  2.719223e+005      9.88
 135     15   4.0  2.727419e+005      9.78
 135    100   4.0  2.733519e+005      9.27
 135      0   4.5  2.701055e+005     10.16
 135      5   4.5  2.712061e+005     10.05
 135     10   4.5  2.722221e+005      9.95
 135     15   4.5  2.730660e+005      9.85
 135    100   4.5  2.738100e+005      9.34
 135      0   5.0  2.703293e+005     10.22
 135      5   5.0  2.714548e+005     10.12
 135     10   5.0  2.724955e+005     10.01
 135     15   5.0  2.733631e+005      9.91
 135    100   5.0  2.742352e+005      9.41
 140      0   0.0  2.656183e+005      9.62
 140      5   0.0  2.661387e+005      9.54
 140     10   0.0  2.668543e+005      9.44
 140     15   0.0  2.675132e+005      9.35
 140    100   0.0  2.673543e+005      8.78
 140      0   0.5  2.661052e+005      9.71
 140      5   0.5  2.666503e+005      9.63
 140     10   0.5  2.673966e+005      9.54
 140     15   0.5  2.680865e+005      9.44
 140    100   0.5  2.681233e+005      8.88
 140      0   1.0  2.665463e+005      9.80
 140      5   1.0  2.671151e+005      9.72
 140     10   1.0  2.678906e+005      9.62
 140     15   1.0  2.686104e+005      9.52
 140    100   1.0  2.688325e+005      8.97
 140      0   1.5  2.669459e+005      9.88
 140      5   1.5  2.675371e+005      9.80
 140     10   1.5  2.683405e+005      9.70
 140     15   1.5  2.690892e+005      9.61
 140    100   1.5  2.694868e+005      9.06
 140      0   2.0  2.673070e+005      9.96
 140      5   2.0  2.679199e+005      9.88
 140     10   2.0  2.687503e+005      9.78
 140     15   2.0  2.695264e+005      9.69
 140    100   2.0  2.700902e+005      9.15
 140      0   2.5  2.676334e+005     10.03
 140      5   2.5  2.682669e+005      9.96
 140     10   2.5  2.691232e+005      9.86
 140     15   2.5  2.699257e+005      9.76
 140    100   2.5  2.706473e+005      9.23
 140      0   3.0  2.679275e+005     10.11
 140      5   3.0  2.685809e+005     10.03
 140     10   3.0  2.694620e+005      9.93
 140     15   3.0  2.702897e+005      9.84
 140    100   3.0  2.711616e+005      9.31
 140      0   3.5  2.681922e+005     10.18
 140      5   3.5  2.688644e+005     10.10
 140     10   3.5  2.697693e+005     10.01
 140     15   3.5  2.706218e+005      9.91
 140    100   3.5  2.716363e+005      9.39
 140      0   4.0  2.684295e+005     10.25
 140      5   4.0  2.691201e+005     10.17
 140     10   4.0  2.700480e+005     10.07
 140     15   4.0  2.709238e+005      9.98
 140    100   4.0  2.720745e+005      9.46
 140      0   4.5  2.686416e+005     10.31
 140      5   4.5  2.693498e+005     10.24
 140     10   4.5  2.702998e+005     10.14
 140     15   4.5  2.711984e+005     10.05
 140    100   4.5  2.724790e+005      9.54
 140      0   5.0  2.688305e+005     10.38
 140      5   5.0  2.695554e+005     10.30
 140     10   5.0  2.705269e+005     10.21
 140     15   5.0  2.714477e+005     10.11
 140    100   5.0  2.728516e+005      9.61
