  30      0   0.0  1.155073e+005      2.02
  30      5   0.0  1.116951e+005      1.94
  30     10   0.0  1.100968e+005      1.90
  30     15   0.0  1.094154e+005      1.88
  30    100   0.0  1.092665e+005      1.88
  30      0   0.5  1.159227e+005      2.04
  30      5   0.5  1.121423e+005      1.95
  30     10   0.5  1.105806e+005      1.91
  30     15   0.5  1.099216e+005      1.89
  30    100   0.5  1.098029e+005      1.89
  30      0   1.0  1.163255e+005      2.05
  30      5   1.0  1.125788e+005      1.96
  30     10   1.0  1.110541e+005      1.92
  30     15   1.0  1.104176e+005      1.90
  30    100   1.0  1.103275e+005      1.90
  30      0   1.5  1.167160e+005      2.05
  30      5   1.5  1.130048e+005      1.97
  30     10   1.5  1.115177e+005      1.93
  30     15   1.5  1.109034e+005      1.92
  30    100   1.5  1.108404e+005      1.91
  30      0   2.0  1.170949e+005      2.06
  30      5   2.0  1.134205e+005      1.98
  30     10   2.0  1.119714e+005      1.94
  30     15   2.0  1.113791e+005      1.93
  30    100   2.0  1.113416e+005      1.92
  30      0   2.5  1.174623e+005      2.07
  30      5   2.5  1.138263e+005      1.99
  30     10   2.5  1.124154e+005      1.95
  30     15   2.5  1.118449e+005      1.94
  30    100   2.5  1.118314e+005      1.94
  30      0   3.0  1.178188e+005      2.08
  30      5   3.0  1.142222e+005      2.00
  30     10   3.0  1.128498e+005      1.96
  30     15   3.0  1.123008e+005      1.95
  30    100   3.0  1.123099e+005      1.95
  30      0   3.5  1.181646e+005      2.09
  30      5   3.5  1.146086e+005      2.01
  30     10   3.5  1.132747e+005      1.97
  30     15   3.5  1.127469e+005      1.96
  30    100   3.5  1.127773e+005      1.96
  30      0   4.0  1.185002e+005      2.10
  30      5   4.0  1.149858e+005      2.02
  30     10   4.0  1.136903e+005      1.98
  30     15   4.0  1.131833e+005      1.97
  30    100   4.0  1.132337e+005      1.97
  30      0   4.5  1.188258e+005      2.11
  30      5   4.5  1.153538e+005      2.02
  30     10   4.5  1.140967e+005      1.99
  30     15   4.5  1.136102e+005      1.98
  30    100   4.5  1.136792e+005      1.98
  30      0   5.0  1.191419e+005      2.12
  30      5   5.0  1.157130e+005      2.03
  30     10   5.0  1.144941e+005      2.00
  30     15   5.0  1.140276e+005      1.99
  30    100   5.0  1.141141e+005      1.99
  35      0   0.0  1.422049e+005      2.64
  35      5   0.0  1.398914e+005      2.58
  35     10   0.0  1.383248e+005      2.54
  35     15   0.0  1.375661e+005      2.53
  35    100   0.0  1.375132e+005      2.52
  35      0   0.5  1.426337e+005      2.65
  35      5   0.5  1.403195e+005      2.59
  35     10   0.5  1.387658e+005      2.56
  35     15   0.5  1.380263e+005      2.54
  35    100   0.5  1.380008e+005      2.53
  35      0   1.0  1.430500e+005      2.66
  35      5   1.0  1.407350e+005      2.61
  35     10   1.0  1.391939e+005      2.57
  35     15   1.0  1.384731e+005      2.55
  35    100   1.0  1.384730e+005      2.55
  35      0   1.5  1.434542e+005      2.67
  35      5   1.5  1.411384e+005      2.62
  35     10   1.5  1.396098e+005      2.58
  35     15   1.5  1.389071e+005      2.56
  35    100   1.5  1.389305e+005      2.56
  35      0   2.0  1.438470e+005      2.68
  35      5   2.0  1.415304e+005      2.63
  35     10   2.0  1.400141e+005      2.59
  35     15   2.0  1.393290e+005      2.57
  35    100   2.0  1.393741e+005      2.57
  35      0   2.5  1.442288e+005      2.69
  35      5   2.5  1.419115e+005      2.64
  35     10   2.5  1.404073e+005      2.60
  35     15   2.5  1.397392e+005      2.58
  35    100   2.5  1.398045e+005      2.58
  35      0   3.0  1.446003e+005      2.70
  35      5   3.0  1.422823e+005      2.65
  35     10   3.0  1.407899e+005      2.61
  35     15   3.0  1.401384e+005      2.59
  35    100   3.0  1.402223e+005      2.59
  35      0   3.5  1.449618e+005      2.71
  35      5   3.5  1.426431e+005      2.66
  35     10   3.5  1.411625e+005      2.62
  35     15   3.5  1.405271e+005      2.60
  35    100   3.5  1.406281e+005      2.60
  35      0   4.0  1.453138e+005      2.72
  35      5   4.0  1.429944e+005      2.66
  35     10   4.0  1.415255e+005      2.63
  35     15   4.0  1.409056e+005      2.61
  35    100   4.0  1.410226e+005      2.61
  35      0   4.5  1.456568e+005      2.73
  35      5   4.5  1.433367e+005      2.67
  35     10   4.5  1.418793e+005      2.64
  35     15   4.5  1.412745e+005      2.62
  35    100   4.5  1.414062e+005      2.62
  35      0   5.0  1.459910e+005      2.74
  35      5   5.0  1.436704e+005      2.68
  35     10   5.0  1.422243e+005      2.65
  35     15   5.0  1.416343e+005      2.63
  35    100   5.0  1.417795e+005      2.63
  40      0   0.0  1.686424e+005      3.26
  40      5   0.0  1.641098e+005      3.16
  40     10   0.0  1.617881e+005      3.10
  40     15   0.0  1.605005e+005      3.06
  40    100   0.0  1.598555e+005      3.04
  40      0   0.5  1.692594e+005      3.28
  40      5   0.5  1.646931e+005      3.17
  40     10   0.5  1.623734e+005      3.11
  40     15   0.5  1.610998e+005      3.08
  40    100   0.5  1.604868e+005      3.06
  40      0   1.0  1.698617e+005      3.30
  40      5   1.0  1.652624e+005      3.19
  40     10   1.0  1.629451e+005      3.13
  40     15   1.0  1.616854e+005      3.10
  40    100   1.0  1.611030e+005      3.08
  40      0   1.5  1.704500e+005      3.32
  40      5   1.5  1.658183e+005      3.20
  40     10   1.5  1.635039e+005      3.14
  40     15   1.5  1.622582e+005      3.11
  40    100   1.5  1.617048e+005      3.09
  40      0   2.0  1.710249e+005      3.33
  40      5   2.0  1.663616e+005      3.22
  40     10   2.0  1.640502e+005      3.16
  40     15   2.0  1.628186e+005      3.13
  40    100   2.0  1.622929e+005      3.11
  40      0   2.5  1.715869e+005      3.35
  40      5   2.5  1.668926e+005      3.23
  40     10   2.5  1.645847e+005      3.17
  40     15   2.5  1.633672e+005      3.14
  40    100   2.5  1.628680e+005      3.13
  40      0   3.0  1.721365e+005      3.36
  40      5   3.0  1.674119e+005      3.25
  40     10   3.0  1.651078e+005      3.19
  40     15   3.0  1.639044e+005      3.16
  40    100   3.0  1.634305e+005      3.14
  40      0   3.5  1.726742e+005      3.38
  40      5   3.5  1.679200e+005      3.26
  40     10   3.5  1.656200e+005      3.20
  40     15   3.5  1.644307e+005      3.17
  40    100   3.5  1.639810e+005      3.16
  40      0   4.0  1.732004e+005      3.39
  40      5   4.0  1.684173e+005      3.27
  40     10   4.0  1.661217e+005      3.22
  40     15   4.0  1.649466e+005      3.18
  40    100   4.0  1.645200e+005      3.17
  40      0   4.5  1.737156e+005      3.41
  40      5   4.5  1.689041e+005      3.29
  40     10   4.5  1.666134e+005      3.23
  40     15   4.5  1.654524e+005      3.20
  40    100   4.5  1.650480e+005      3.19
  40      0   5.0  1.742203e+005      3.42
  40      5   5.0  1.693810e+005      3.30
  40     10   5.0  1.670953e+005      3.24
  40     15   5.0  1.659485e+005      3.21
  40    100   5.0  1.655654e+005      3.20
  45      0   0.0  1.958407e+005      3.96
  45      5   0.0  1.925922e+005      3.88
  45     10   0.0  1.899163e+005      3.80
  45     15   0.0  1.880235e+005      3.75
  45    100   0.0  1.865556e+005      3.70
  45      0   0.5  1.965608e+005      3.98
  45      5   0.5  1.933112e+005      3.90
  45     10   0.5  1.906458e+005      3.82
  45     15   0.5  1.887734e+005      3.77
  45    100   0.5  1.873553e+005      3.73
  45      0   1.0  1.972619e+005      4.01
  45      5   1.0  1.940115e+005      3.92
  45     10   1.0  1.913570e+005      3.85
  45     15   1.0  1.895052e+005      3.79
  45    100   1.0  1.881353e+005      3.75
  45      0   1.5  1.979448e+005      4.03
  45      5   1.5  1.946939e+005      3.94
  45     10   1.5  1.920505e+005      3.87
  45     15   1.5  1.902195e+005      3.81
  45    100   1.5  1.888964e+005      3.77
  45      0   2.0  1.986102e+005      4.05
  45      5   2.0  1.953591e+005      3.96
  45     10   2.0  1.927271e+005      3.89
  45     15   2.0  1.909168e+005      3.83
  45    100   2.0  1.896391e+005      3.79
  45      0   2.5  1.992587e+005      4.07
  45      5   2.5  1.960077e+005      3.98
  45     10   2.5  1.933873e+005      3.91
  45     15   2.5  1.915980e+005      3.85
  45    100   2.5  1.903643e+005      3.82
  45      0   3.0  1.998911e+005      4.09
  45      5   3.0  1.966403e+005      4.00
  45     10   3.0  1.940319e+005      3.93
  45     15   3.0  1.922636e+005      3.87
  45    100   3.0  1.910725e+005      3.84
  45      0   3.5  2.005078e+005      4.11
  45      5   3.5  1.972577e+005      4.02
  45     10   3.5  1.946613e+005      3.94
  45     15   3.5  1.929141e+005      3.89
  45    100   3.5  1.917644e+005      3.86
  45      0   4.0  2.011096e+005      4.12
  45      5   4.0  1.978602e+005      4.03
  45     10   4.0  1.952762e+005      3.96
  45     15   4.0  1.935499e+005      3.91
  45    100   4.0  1.924405e+005      3.88
  45      0   4.5  2.016969e+005      4.14
  45      5   4.5  1.984485e+005      4.05
  45     10   4.5  1.958770e+005      3.98
  45     15   4.5  1.941718e+005      3.93
  45    100   4.5  1.931013e+005      3.90
  45      0   5.0  2.022703e+005      4.16
  45      5   5.0  1.990230e+005      4.07
  45     10   5.0  1.964642e+005      4.00
  45     15   5.0  1.947801e+005      3.95
  45    100   5.0  1.937475e+005      3.92
  50      0   0.0  2.164240e+005      4.54
  50      5   0.0  2.129213e+005      4.44
  50     10   0.0  2.103476e+005      4.36
  50     15   0.0  2.084294e+005      4.31
  50    100   0.0  2.061695e+005      4.23
  50      0   0.5  2.171978e+005      4.57
  50      5   0.5  2.136868e+005      4.46
  50     10   0.5  2.111184e+005      4.39
  50     15   0.5  2.092140e+005      4.33
  50    100   0.5  2.070147e+005      4.26
  50      0   1.0  2.179512e+005      4.59
  50      5   1.0  2.144320e+005      4.49
  50     10   1.0  2.118690e+005      4.41
  50     15   1.0  2.099784e+005      4.36
  50    100   1.0  2.078381e+005      4.29
  50      0   1.5  2.186849e+005      4.62
  50      5   1.5  2.151578e+005      4.51
  50     10   1.5  2.126004e+005      4.44
  50     15   1.5  2.107236e+005      4.38
  50    100   1.5  2.086406e+005      4.31
  50      0   2.0  2.193998e+005      4.64
  50      5   2.0  2.158651e+005      4.54
  50     10   2.0  2.133134e+005      4.46
  50     15   2.0  2.114503e+005      4.40
  50    100   2.0  2.094230e+005      4.34
  50      0   2.5  2.200968e+005      4.66
  50      5   2.5  2.165544e+005      4.56
  50     10   2.5  2.140085e+005      4.48
  50     15   2.5  2.121592e+005      4.43
  50    100   2.5  2.101862e+005      4.36
  50      0   3.0  2.207764e+005      4.69
  50      5   3.0  2.172266e+005      4.58
  50     10   3.0  2.146865e+005      4.50
  50     15   3.0  2.128510e+005      4.45
  50    100   3.0  2.109306e+005      4.39
  50      0   3.5  2.214394e+005      4.71
  50      5   3.5  2.178824e+005      4.60
  50     10   3.5  2.153483e+005      4.53
  50     15   3.5  2.135264e+005      4.47
  50    100   3.5  2.116573e+005      4.41
  50      0   4.0  2.220864e+005      4.73
  50      5   4.0  2.185224e+005      4.62
  50     10   4.0  2.159943e+005      4.55
  50     15   4.0  2.141860e+005      4.49
  50    100   4.0  2.123668e+005      4.43
  50      0   4.5  2.227180e+005      4.75
  50      5   4.5  2.191471e+005      4.64
  50     10   4.5  2.166250e+005      4.57
  50     15   4.5  2.148304e+005      4.51
  50    100   4.5  2.130598e+005      4.45
  50      0   5.0  2.233350e+005      4.77
  50      5   5.0  2.197572e+005      4.66
  50     10   5.0  2.172413e+005      4.59
  50     15   5.0  2.154602e+005      4.53
  50    100   5.0  2.137368e+005      4.48
  55      0   0.0  2.372741e+005      5.19
  55      5   0.0  2.337671e+005      5.08
  55     10   0.0  2.307984e+005      4.98
  55     15   0.0  2.285391e+005      4.91
  55    100   0.0  2.255697e+005      4.80
  55      0   0.5  2.381083e+005      5.22
  55      5   0.5  2.345988e+005      5.11
  55     10   0.5  2.316347e+005      5.01
  55     15   0.5  2.293873e+005      4.94
  55    100   0.5  2.264872e+005      4.84
  55      0   1.0  2.389205e+005      5.25
  55      5   1.0  2.354087e+005      5.14
  55     10   1.0  2.324495e+005      5.04
  55     15   1.0  2.302139e+005      4.96
  55    100   1.0  2.273813e+005      4.87
  55      0   1.5  2.397118e+005      5.28
  55      5   1.5  2.361978e+005      5.16
  55     10   1.5  2.332436e+005      5.07
  55     15   1.5  2.310201e+005      4.99
  55    100   1.5  2.282531e+005      4.90
  55      0   2.0  2.404828e+005      5.31
  55      5   2.0  2.369670e+005      5.19
  55     10   2.0  2.340180e+005      5.09
  55     15   2.0  2.318065e+005      5.02
  55    100   2.0  2.291034e+005      4.93
  55      0   2.5  2.412345e+005      5.34
  55      5   2.5  2.377171e+005      5.22
  55     10   2.5  2.347735e+005      5.12
  55     15   2.5  2.325739e+005      5.05
  55    100   2.5  2.299331e+005      4.96
  55      0   3.0  2.419676e+005      5.37
  55      5   3.0  2.384488e+005      5.25
  55     10   3.0  2.355106e+005      5.15
  55     15   3.0  2.333233e+005      5.07
  55    100   3.0  2.307430e+005      4.98
  55      0   3.5  2.426830e+005      5.39
  55      5   3.5  2.391630e+005      5.27
  55     10   3.5  2.362304e+005      5.17
  55     15   3.5  2.340552e+005      5.10
  55    100   3.5  2.315339e+005      5.01
  55      0   4.0  2.433813e+005      5.42
  55      5   4.0  2.398601e+005      5.30
  55     10   4.0  2.369334e+005      5.20
  55     15   4.0  2.347703e+005      5.12
  55    100   4.0  2.323065e+005      5.04
  55      0   4.5  2.440632e+005      5.44
  55      5   4.5  2.405410e+005      5.32
  55     10   4.5  2.376201e+005      5.22
  55     15   4.5  2.354693e+005      5.15
  55    100   4.5  2.330616e+005      5.06
  55      0   5.0  2.447293e+005      5.47
  55      5   5.0  2.412063e+005      5.35
  55     10   5.0  2.382914e+005      5.25
  55     15   5.0  2.361528e+005      5.17
  55    100   5.0  2.337996e+005      5.09
  60      0   0.0  2.524304e+005      5.75
  60      5   0.0  2.497850e+005      5.64
  60     10   0.0  2.472445e+005      5.55
  60     15   0.0  2.450301e+005      5.47
  60    100   0.0  2.412500e+005      5.33
  60      0   0.5  2.532574e+005      5.78
  60      5   0.5  2.506188e+005      5.68
  60     10   0.5  2.480875e+005      5.58
  60     15   0.5  2.458858e+005      5.50
  60    100   0.5  2.421801e+005      5.36
  60      0   1.0  2.540619e+005      5.81
  60      5   1.0  2.514301e+005      5.71
  60     10   1.0  2.489079e+005      5.61
  60     15   1.0  2.467190e+005      5.53
  60    100   1.0  2.430858e+005      5.40
  60      0   1.5  2.548446e+005      5.85
  60      5   1.5  2.522198e+005      5.74
  60     10   1.5  2.497067e+005      5.64
  60     15   1.5  2.475305e+005      5.56
  60    100   1.5  2.439681e+005      5.43
  60      0   2.0  2.556066e+005      5.88
  60      5   2.0  2.529887e+005      5.77
  60     10   2.0  2.504848e+005      5.67
  60     15   2.0  2.483213e+005      5.59
  60    100   2.0  2.448279e+005      5.46
  60      0   2.5  2.563487e+005      5.91
  60      5   2.5  2.537377e+005      5.80
  60     10   2.5  2.512430e+005      5.70
  60     15   2.5  2.490923e+005      5.62
  60    100   2.5  2.456663e+005      5.49
  60      0   3.0  2.570717e+005      5.94
  60      5   3.0  2.544678e+005      5.83
  60     10   3.0  2.519823e+005      5.73
  60     15   3.0  2.498443e+005      5.65
  60    100   3.0  2.464839e+005      5.53
  60      0   3.5  2.577765e+005      5.96
  60      5   3.5  2.551795e+005      5.86
  60     10   3.5  2.527033e+005      5.76
  60     15   3.5  2.505780e+005      5.68
  60    100   3.5  2.472817e+005      5.56
  60      0   4.0  2.584638e+005      5.99
  60      5   4.0  2.558736e+005      5.89
  60     10   4.0  2.534068e+005      5.79
  60     15   4.0  2.512941e+005      5.71
  60    100   4.0  2.480604e+005      5.59
  60      0   4.5  2.591340e+005      6.02
  60      5   4.5  2.565510e+005      5.91
  60     10   4.5  2.540934e+005      5.82
  60     15   4.5  2.519933e+005      5.74
  60    100   4.5  2.488207e+005      5.62
  60      0   5.0  2.597881e+005      6.05
  60      5   5.0  2.572121e+005      5.94
  60     10   5.0  2.547637e+005      5.84
  60     15   5.0  2.526763e+005      5.76
  60    100   5.0  2.495633e+005      5.64
  65      0   0.0  2.646994e+005      6.29
  65      5   0.0  2.621244e+005      6.17
  65     10   0.0  2.598486e+005      6.06
  65     15   0.0  2.578874e+005      5.98
  65    100   0.0  2.536899e+005      5.81
  65      0   0.5  2.655006e+005      6.32
  65      5   0.5  2.629345e+005      6.20
  65     10   0.5  2.606693e+005      6.10
  65     15   0.5  2.587212e+005      6.02
  65    100   0.5  2.546018e+005      5.85
  65      0   1.0  2.662790e+005      6.36
  65      5   1.0  2.637220e+005      6.24
  65     10   1.0  2.614672e+005      6.13
  65     15   1.0  2.595321e+005      6.05
  65    100   1.0  2.554887e+005      5.88
  65      0   1.5  2.670358e+005      6.39
  65      5   1.5  2.644877e+005      6.27
  65     10   1.5  2.622433e+005      6.17
  65     15   1.5  2.603212e+005      6.08
  65    100   1.5  2.563518e+005      5.92
  65      0   2.0  2.677717e+005      6.43
  65      5   2.0  2.652325e+005      6.30
  65     10   2.0  2.629984e+005      6.20
  65     15   2.0  2.610892e+005      6.12
  65    100   2.0  2.571920e+005      5.95
  65      0   2.5  2.684877e+005      6.46
  65      5   2.5  2.659574e+005      6.34
  65     10   2.5  2.637337e+005      6.23
  65     15   2.5  2.618371e+005      6.15
  65    100   2.5  2.580104e+005      5.99
  65      0   3.0  2.691847e+005      6.49
  65      5   3.0  2.666632e+005      6.37
  65     10   3.0  2.644498e+005      6.26
  65     15   3.0  2.625657e+005      6.18
  65    100   3.0  2.588079e+005      6.02
  65      0   3.5  2.698633e+005      6.52
  65      5   3.5  2.673506e+005      6.40
  65     10   3.5  2.651473e+005      6.30
  65     15   3.5  2.632760e+005      6.21
  65    100   3.5  2.595850e+005      6.06
  65      0   4.0  2.705243e+005      6.55
  65      5   4.0  2.680205e+005      6.43
  65     10   4.0  2.658273e+005      6.33
  65     15   4.0  2.639684e+005      6.24
  65    100   4.0  2.603429e+005      6.09
  65      0   4.5  2.711686e+005      6.59
  65      5   4.5  2.686735e+005      6.46
  65     10   4.5  2.664903e+005      6.36
  65     15   4.5  2.646437e+005      6.27
  65    100   4.5  2.610822e+005      6.12
  65      0   5.0  2.717966e+005      6.61
  65      5   5.0  2.693102e+005      6.49
  65     10   5.0  2.671370e+005      6.38
  65     15   5.0  2.653027e+005      6.30
  65    100   5.0  2.618036e+005      6.15
  70      0   0.0  2.747016e+005      6.83
  70      5   0.0  2.725134e+005      6.70
  70     10   0.0  2.704419e+005      6.59
  70     15   0.0  2.686015e+005      6.50
  70    100   0.0  2.641663e+005      6.29
  70      0   0.5  2.754513e+005      6.87
  70      5   0.5  2.732786e+005      6.74
  70     10   0.5  2.712216e+005      6.63
  70     15   0.5  2.693958e+005      6.54
  70    100   0.5  2.650429e+005      6.33
  70      0   1.0  2.761786e+005      6.91
  70      5   1.0  2.740211e+005      6.78
  70     10   1.0  2.719787e+005      6.67
  70     15   1.0  2.701673e+005      6.57
  70    100   1.0  2.658944e+005      6.37
  70      0   1.5  2.768843e+005      6.95
  70      5   1.5  2.747421e+005      6.82
  70     10   1.5  2.727140e+005      6.70
  70     15   1.5  2.709171e+005      6.61
  70    100   1.5  2.667220e+005      6.41
  70      0   2.0  2.775696e+005      6.98
  70      5   2.0  2.754423e+005      6.85
  70     10   2.0  2.734286e+005      6.74
  70     15   2.0  2.716457e+005      6.64
  70    100   2.0  2.675267e+005      6.45
  70      0   2.5  2.782353e+005      7.02
  70      5   2.5  2.761229e+005      6.89
  70     10   2.5  2.741232e+005      6.77
  70     15   2.5  2.723545e+005      6.68
  70    100   2.5  2.683095e+005      6.48
  70      0   3.0  2.788823e+005      7.05
  70      5   3.0  2.767846e+005      6.92
  70     10   3.0  2.747988e+005      6.81
  70     15   3.0  2.730440e+005      6.71
  70    100   3.0  2.690712e+005      6.52
  70      0   3.5  2.795112e+005      7.09
  70      5   3.5  2.774283e+005      6.95
  70     10   3.5  2.754562e+005      6.84
  70     15   3.5  2.737151e+005      6.75
  70    100   3.5  2.698127e+005      6.56
  70      0   4.0  2.801229e+005      7.12
  70      5   4.0  2.780544e+005      6.99
  70     10   4.0  2.760960e+005      6.87
  70     15   4.0  2.743687e+005      6.78
  70    100   4.0  2.705348e+005      6.59
  70      0   4.5  2.807180e+005      7.15
  70      5   4.5  2.786639e+005      7.02
  70     10   4.5  2.767192e+005      6.90
  70     15   4.5  2.750053e+005      6.81
  70    100   4.5  2.712384e+005      6.62
  70      0   5.0  2.812973e+005      7.18
  70      5   5.0  2.792574e+005      7.05
  70     10   5.0  2.773262e+005      6.94
  70     15   5.0  2.756256e+005      6.84
  70    100   5.0  2.719241e+005      6.66
  75      0   0.0  2.821418e+005      7.36
  75      5   0.0  2.804580e+005      7.23
  75     10   0.0  2.787431e+005      7.11
  75     15   0.0  2.771298e+005      7.01
  75    100   0.0  2.726165e+005      6.77
  75      0   0.5  2.828203e+005      7.40
  75      5   0.5  2.811564e+005      7.27
  75     10   0.5  2.794601e+005      7.15
  75     15   0.5  2.778641e+005      7.05
  75    100   0.5  2.734365e+005      6.81
  75      0   1.0  2.834771e+005      7.44
  75      5   1.0  2.818330e+005      7.31
  75     10   1.0  2.801550e+005      7.19
  75     15   1.0  2.785762e+005      7.09
  75    100   1.0  2.742316e+005      6.85
  75      0   1.5  2.841135e+005      7.48
  75      5   1.5  2.824887e+005      7.35
  75     10   1.5  2.808287e+005      7.23
  75     15   1.5  2.792666e+005      7.13
  75    100   1.5  2.750033e+005      6.89
  75      0   2.0  2.847300e+005      7.52
  75      5   2.0  2.831243e+005      7.39
  75     10   2.0  2.814821e+005      7.27
  75     15   2.0  2.799368e+005      7.17
  75    100   2.0  2.757523e+005      6.93
  75      0   2.5  2.853277e+005      7.55
  75      5   2.5  2.837409e+005      7.42
  75     10   2.5  2.821162e+005      7.30
  75     15   2.5  2.805873e+005      7.20
  75    100   2.5  2.764797e+005      6.97
  75      0   3.0  2.859074e+005      7.59
  75      5   3.0  2.843392e+005      7.46
  75     10   3.0  2.827319e+005      7.34
  75     15   3.0  2.812193e+005      7.24
  75    100   3.0  2.771863e+005      7.01
  75      0   3.5  2.864700e+005      7.63
  75      5   3.5  2.849201e+005      7.49
  75     10   3.5  2.833298e+005      7.37
  75     15   3.5  2.818330e+005      7.27
  75    100   3.5  2.778731e+005      7.05
  75      0   4.0  2.870160e+005      7.66
  75      5   4.0  2.854843e+005      7.53
  75     10   4.0  2.839108e+005      7.41
  75     15   4.0  2.824298e+005      7.31
  75    100   4.0  2.785410e+005      7.08
  75      0   4.5  2.875463e+005      7.69
  75      5   4.5  2.860323e+005      7.56
  75     10   4.5  2.844755e+005      7.44
  75     15   4.5  2.830100e+005      7.34
  75    100   4.5  2.791905e+005      7.12
  75      0   5.0  2.880614e+005      7.73
  75      5   5.0  2.865650e+005      7.59
  75     10   5.0  2.850246e+005      7.47
  75     15   5.0  2.835744e+005      7.37
  75    100   5.0  2.798225e+005      7.15
  80      0   0.0  2.870285e+005      7.84
  80      5   0.0  2.858574e+005      7.71
  80     10   0.0  2.845865e+005      7.60
  80     15   0.0  2.832897e+005      7.49
  80    100   0.0  2.789585e+005      7.22
  80      0   0.5  2.876285e+005      7.88
  80      5   0.5  2.864794e+005      7.75
  80     10   0.5  2.852288e+005      7.64
  80     15   0.5  2.839511e+005      7.53
  80    100   0.5  2.797080e+005      7.26
  80      0   1.0  2.882081e+005      7.92
  80      5   1.0  2.870804e+005      7.79
  80     10   1.0  2.858503e+005      7.68
  80     15   1.0  2.845910e+005      7.57
  80    100   1.0  2.804337e+005      7.30
  80      0   1.5  2.887681e+005      7.96
  80      5   1.5  2.876620e+005      7.83
  80     10   1.5  2.864514e+005      7.72
  80     15   1.5  2.852105e+005      7.61
  80    100   1.5  2.811363e+005      7.35
  80      0   2.0  2.893097e+005      8.00
  80      5   2.0  2.882243e+005      7.87
  80     10   2.0  2.870333e+005      7.75
  80     15   2.0  2.858105e+005      7.65
  80    100   2.0  2.818170e+005      7.39
  80      0   2.5  2.898337e+005      8.03
  80      5   2.5  2.887686e+005      7.91
  80     10   2.5  2.875968e+005      7.79
  80     15   2.5  2.863918e+005      7.69
  80    100   2.5  2.824771e+005      7.43
  80      0   3.0  2.903406e+005      8.07
  80      5   3.0  2.892959e+005      7.94
  80     10   3.0  2.881429e+005      7.83
  80     15   3.0  2.869551e+005      7.72
  80    100   3.0  2.831170e+005      7.47
  80      0   3.5  2.908315e+005      8.10
  80      5   3.5  2.898068e+005      7.98
  80     10   3.5  2.886721e+005      7.86
  80     15   3.5  2.875014e+005      7.76
  80    100   3.5  2.837378e+005      7.50
  80      0   4.0  2.913068e+005      8.14
  80      5   4.0  2.903016e+005      8.01
  80     10   4.0  2.891852e+005      7.90
  80     15   4.0  2.880314e+005      7.79
  80    100   4.0  2.843403e+005      7.54
  80      0   4.5  2.917676e+005      8.17
  80      5   4.5  2.907815e+005      8.05
  80     10   4.5  2.896830e+005      7.93
  80     15   4.5  2.885457e+005      7.83
  80    100   4.5  2.849252e+005      7.58
  80      0   5.0  2.922141e+005      8.21
  80      5   5.0  2.912470e+005      8.08
  80     10   5.0  2.901660e+005      7.96
  80     15   5.0  2.890449e+005      7.86
  80    100   5.0  2.854930e+005      7.61
  85      0   0.0  2.898689e+005      8.28
  85      5   0.0  2.891717e+005      8.16
  85     10   0.0  2.883212e+005      8.04
  85     15   0.0  2.873749e+005      7.94
  85    100   0.0  2.833921e+005      7.63
  85      0   0.5  2.903878e+005      8.32
  85      5   0.5  2.897141e+005      8.20
  85     10   0.5  2.888853e+005      8.08
  85     15   0.5  2.879588e+005      7.98
  85    100   0.5  2.840653e+005      7.68
  85      0   1.0  2.908877e+005      8.36
  85      5   1.0  2.902372e+005      8.24
  85     10   1.0  2.894295e+005      8.12
  85     15   1.0  2.885223e+005      8.02
  85    100   1.0  2.847157e+005      7.72
  85      0   1.5  2.913696e+005      8.40
  85      5   1.5  2.907419e+005      8.28
  85     10   1.5  2.899549e+005      8.16
  85     15   1.5  2.890666e+005      8.06
  85    100   1.5  2.853442e+005      7.77
  85      0   2.0  2.918343e+005      8.44
  85      5   2.0  2.912288e+005      8.32
  85     10   2.0  2.904623e+005      8.20
  85     15   2.0  2.895924e+005      8.10
  85    100   2.0  2.859517e+005      7.81
  85      0   2.5  2.922824e+005      8.48
  85      5   2.5  2.916991e+005      8.35
  85     10   2.5  2.909525e+005      8.24
  85     15   2.5  2.901007e+005      8.13
  85    100   2.5  2.865394e+005      7.85
  85      0   3.0  2.927153e+005      8.52
  85      5   3.0  2.921532e+005      8.39
  85     10   3.0  2.914262e+005      8.27
  85     15   3.0  2.905922e+005      8.17
  85    100   3.0  2.871082e+005      7.89
  85      0   3.5  2.931330e+005      8.55
  85      5   3.5  2.925921e+005      8.42
  85     10   3.5  2.918844e+005      8.31
  85     15   3.5  2.910678e+005      8.21
  85    100   3.5  2.876587e+005      7.93
  85      0   4.0  2.935366e+005      8.59
  85      5   4.0  2.930166e+005      8.46
  85     10   4.0  2.923276e+005      8.34
  85     15   4.0  2.915281e+005      8.24
  85    100   4.0  2.881918e+005      7.96
  85      0   4.5  2.939265e+005      8.62
  85      5   4.5  2.934269e+005      8.49
  85     10   4.5  2.927565e+005      8.38
  85     15   4.5  2.919737e+005      8.28
  85    100   4.5  2.887082e+005      8.00
  85      0   5.0  2.943034e+005      8.65
  85      5   5.0  2.938239e+005      8.53
  85     10   5.0  2.931716e+005      8.41
  85     15   5.0  2.924054e+005      8.31
  85    100   5.0  2.892087e+005      8.04
  90      0   0.0  2.910750e+005      8.68
  90      5   0.0  2.908071e+005      8.56
  90     10   0.0  2.903436e+005      8.45
  90     15   0.0  2.897332e+005      8.34
  90    100   0.0  2.862492e+005      8.02
  90      0   0.5  2.915170e+005      8.72
  90      5   0.5  2.912728e+005      8.60
  90     10   0.5  2.908309e+005      8.49
  90     15   0.5  2.902403e+005      8.38
  90    100   0.5  2.868450e+005      8.06
  90      0   1.0  2.919413e+005      8.76
  90      5   1.0  2.917204e+005      8.64
  90     10   1.0  2.912998e+005      8.53
  90     15   1.0  2.907286e+005      8.42
  90    100   1.0  2.874194e+005      8.11
  90      0   1.5  2.923491e+005      8.80
  90      5   1.5  2.921512e+005      8.68
  90     10   1.5  2.917513e+005      8.57
  90     15   1.5  2.911988e+005      8.46
  90    100   1.5  2.879732e+005      8.15
  90      0   2.0  2.927411e+005      8.84
  90      5   2.0  2.925656e+005      8.72
  90     10   2.0  2.921860e+005      8.61
  90     15   2.0  2.916520e+005      8.50
  90    100   2.0  2.885073e+005      8.19
  90      0   2.5  2.931182e+005      8.88
  90      5   2.5  2.929645e+005      8.76
  90     10   2.5  2.926050e+005      8.64
  90     15   2.5  2.920889e+005      8.54
  90    100   2.5  2.890227e+005      8.23
  90      0   3.0  2.934808e+005      8.91
  90      5   3.0  2.933488e+005      8.79
  90     10   3.0  2.930087e+005      8.68
  90     15   3.0  2.925104e+005      8.58
  90    100   3.0  2.895202e+005      8.27
  90      0   3.5  2.938299e+005      8.95
  90      5   3.5  2.937189e+005      8.83
  90     10   3.5  2.933981e+005      8.72
  90     15   3.5  2.929169e+005      8.61
  90    100   3.5  2.900007e+005      8.31
  90      0   4.0  2.941661e+005      8.98
  90      5   4.0  2.940759e+005      8.86
  90     10   4.0  2.937735e+005      8.75
  90     15   4.0  2.933095e+005      8.65
  90    100   4.0  2.904649e+005      8.35
  90      0   4.5  2.944897e+005      9.02
  90      5   4.5  2.944198e+005      8.90
  90     10   4.5  2.941358e+005      8.78
  90     15   4.5  2.936885e+005      8.68
  90    100   4.5  2.909134e+005      8.39
  90      0   5.0  2.948015e+005      9.05
  90      5   5.0  2.947517e+005      8.93
  90     10   5.0  2.944858e+005      8.82
  90     15   5.0  2.940546e+005      8.72
  90    100   5.0  2.913473e+005      8.43
  95      0   0.0  2.909325e+005      9.06
  95      5   0.0  2.910493e+005      8.94
  95     10   0.0  2.909522e+005      8.82
  95     15   0.0  2.906623e+005      8.72
  95    100   0.0  2.877878e+005      8.38
  95      0   0.5  2.913003e+005      9.10
  95      5   0.5  2.914406e+005      8.98
  95     10   0.5  2.913654e+005      8.86
  95     15   0.5  2.910950e+005      8.76
  95    100   0.5  2.883076e+005      8.42
  95      0   1.0  2.916520e+005      9.14
  95      5   1.0  2.918156e+005      9.02
  95     10   1.0  2.917616e+005      8.91
  95     15   1.0  2.915103e+005      8.80
  95    100   1.0  2.888073e+005      8.47
  95      0   1.5  2.919885e+005      9.18
  95      5   1.5  2.921748e+005      9.06
  95     10   1.5  2.921417e+005      8.94
  95     15   1.5  2.919091e+005      8.84
  95    100   1.5  2.892878e+005      8.51
  95      0   2.0  2.923108e+005      9.22
  95      5   2.0  2.925192e+005      9.10
  95     10   2.0  2.925065e+005      8.98
  95     15   2.0  2.922922e+005      8.88
  95    100   2.0  2.897498e+005      8.55
  95      0   2.5  2.926193e+005      9.25
  95      5   2.5  2.928495e+005      9.13
  95     10   2.5  2.928567e+005      9.02
  95     15   2.5  2.926602e+005      8.92
  95    100   2.5  2.901945e+005      8.59
  95      0   3.0  2.929149e+005      9.29
  95      5   3.0  2.931664e+005      9.17
  95     10   3.0  2.931930e+005      9.06
  95     15   3.0  2.930140e+005      8.96
  95    100   3.0  2.906225e+005      8.63
  95      0   3.5  2.931979e+005      9.32
  95      5   3.5  2.934705e+005      9.20
  95     10   3.5  2.935163e+005      9.09
  95     15   3.5  2.933543e+005      8.99
  95    100   3.5  2.910347e+005      8.67
  95      0   4.0  2.934692e+005      9.36
  95      5   4.0  2.937623e+005      9.24
  95     10   4.0  2.938267e+005      9.13
  95     15   4.0  2.936815e+005      9.03
  95    100   4.0  2.914317e+005      8.71
  95      0   4.5  2.937293e+005      9.39
  95      5   4.5  2.940425e+005      9.27
  95     10   4.5  2.941254e+005      9.16
  95     15   4.5  2.939963e+005      9.06
  95    100   4.5  2.918142e+005      8.75
  95      0   5.0  2.939786e+005      9.43
  95      5   5.0  2.943115e+005      9.31
  95     10   5.0  2.944124e+005      9.19
  95     15   5.0  2.942993e+005      9.09
  95    100   5.0  2.921830e+005      8.79
 100      0   0.0  2.898080e+005      9.40
 100      5   0.0  2.902626e+005      9.28
 100     10   0.0  2.904783e+005      9.17
 100     15   0.0  2.904839e+005      9.07
 100    100   0.0  2.882823e+005      8.71
 100      0   0.5  2.901073e+005      9.44
 100      5   0.5  2.905854e+005      9.32
 100     10   0.5  2.908221e+005      9.21
 100     15   0.5  2.908469e+005      9.11
 100    100   0.5  2.887303e+005      8.76
 100      0   1.0  2.903924e+005      9.48
 100      5   1.0  2.908928e+005      9.36
 100     10   1.0  2.911504e+005      9.25
 100     15   1.0  2.911940e+005      9.15
 100    100   1.0  2.891592e+005      8.80
 100      0   1.5  2.906634e+005      9.52
 100      5   1.5  2.911862e+005      9.40
 100     10   1.5  2.914640e+005      9.29
 100     15   1.5  2.915258e+005      9.19
 100    100   1.5  2.895705e+005      8.85
 100      0   2.0  2.909214e+005      9.56
 100      5   2.0  2.914660e+005      9.44
 100     10   2.0  2.917636e+005      9.33
 100     15   2.0  2.918434e+005      9.23
 100    100   2.0  2.899646e+005      8.89
 100      0   2.5  2.911670e+005      9.60
 100      5   2.5  2.917330e+005      9.48
 100     10   2.5  2.920499e+005      9.37
 100     15   2.5  2.921471e+005      9.27
 100    100   2.5  2.903426e+005      8.93
 100      0   3.0  2.914008e+005      9.63
 100      5   3.0  2.919878e+005      9.51
 100     10   3.0  2.923236e+005      9.41
 100     15   3.0  2.924379e+005      9.30
 100    100   3.0  2.907053e+005      8.97
 100      0   3.5  2.916235e+005      9.67
 100      5   3.5  2.922308e+005      9.55
 100     10   3.5  2.925853e+005      9.44
 100     15   3.5  2.927163e+005      9.34
 100    100   3.5  2.910530e+005      9.01
 100      0   4.0  2.918353e+005      9.70
 100      5   4.0  2.924629e+005      9.58
 100     10   4.0  2.928355e+005      9.48
 100     15   4.0  2.929827e+005      9.38
 100    100   4.0  2.913869e+005      9.05
 100      0   4.5  2.920372e+005      9.74
 100      5   4.5  2.926843e+005      9.62
 100     10   4.5  2.930747e+005      9.51
 100     15   4.5  2.932379e+005      9.41
 100    100   4.5  2.917077e+005      9.08
 100      0   5.0  2.922293e+005      9.77
 100      5   5.0  2.928958e+005      9.65
 100     10   5.0  2.933036e+005      9.54
 100     15   5.0  2.934824e+005      9.44
 100    100   5.0  2.920154e+005      9.12
 105      0   0.0  2.877847e+005      9.74
 105      5   0.0  2.885531e+005      9.62
 105     10   0.0  2.890748e+005      9.51
 105     15   0.0  2.893527e+005      9.40
 105    100   0.0  2.878775e+005      9.03
 105      0   0.5  2.880191e+005      9.78
 105      5   0.5  2.888103e+005      9.66
 105     10   0.5  2.893529e+005      9.55
 105     15   0.5  2.896494e+005      9.44
 105    100   0.5  2.882564e+005      9.08
 105      0   1.0  2.882404e+005      9.82
 105      5   1.0  2.890539e+005      9.70
 105     10   1.0  2.896170e+005      9.59
 105     15   1.0  2.899319e+005      9.49
 105    100   1.0  2.886180e+005      9.12
 105      0   1.5  2.884491e+005      9.86
 105      5   1.5  2.892846e+005      9.74
 105     10   1.5  2.898677e+005      9.63
 105     15   1.5  2.902004e+005      9.52
 105    100   1.5  2.889631e+005      9.16
 105      0   2.0  2.886461e+005      9.89
 105      5   2.0  2.895029e+005      9.77
 105     10   2.0  2.901055e+005      9.66
 105     15   2.0  2.904555e+005      9.56
 105    100   2.0  2.892922e+005      9.21
 105      0   2.5  2.888319e+005      9.93
 105      5   2.5  2.897097e+005      9.81
 105     10   2.5  2.903314e+005      9.70
 105     15   2.5  2.906985e+005      9.60
 105    100   2.5  2.896067e+005      9.25
 105      0   3.0  2.890070e+005      9.97
 105      5   3.0  2.899053e+005      9.85
 105     10   3.0  2.905458e+005      9.74
 105     15   3.0  2.909295e+005      9.64
 105    100   3.0  2.899068e+005      9.29
 105      0   3.5  2.891721e+005     10.00
 105      5   3.5  2.900906e+005      9.88
 105     10   3.5  2.907494e+005      9.77
 105     15   3.5  2.911492e+005      9.67
 105    100   3.5  2.901935e+005      9.32
 105      0   4.0  2.893276e+005     10.04
 105      5   4.0  2.902657e+005      9.92
 105     10   4.0  2.909424e+005      9.81
 105     15   4.0  2.913582e+005      9.71
 105    100   4.0  2.904673e+005      9.36
 105      0   4.5  2.894741e+005     10.07
 105      5   4.5  2.904314e+005      9.95
 105     10   4.5  2.911258e+005      9.84
 105     15   4.5  2.915569e+005      9.74
 105    100   4.5  2.907288e+005      9.40
 105      0   5.0  2.896117e+005     10.10
 105      5   5.0  2.905881e+005      9.98
 105     10   5.0  2.912997e+005      9.87
 105     15   5.0  2.917459e+005      9.77
 105    100   5.0  2.909785e+005      9.44
 110      0   0.0  2.851332e+005     10.06
 110      5   0.0  2.861799e+005      9.94
 110     10   0.0  2.869628e+005      9.82
 110     15   0.0  2.874934e+005      9.72
 110    100   0.0  2.867704e+005      9.33
 110      0   0.5  2.853078e+005     10.10
 110      5   0.5  2.863767e+005      9.98
 110     10   0.5  2.871800e+005      9.86
 110     15   0.5  2.877286e+005      9.76
 110    100   0.5  2.870849e+005      9.38
 110      0   1.0  2.854704e+005     10.14
 110      5   1.0  2.865610e+005     10.02
 110     10   1.0  2.873842e+005      9.90
 110     15   1.0  2.879508e+005      9.80
 110    100   1.0  2.873831e+005      9.42
 110      0   1.5  2.856219e+005     10.18
 110      5   1.5  2.867338e+005     10.06
 110     10   1.5  2.875762e+005      9.94
 110     15   1.5  2.881601e+005      9.84
 110    100   1.5  2.876661e+005      9.47
 110      0   2.0  2.857627e+005     10.22
 110      5   2.0  2.868954e+005     10.09
 110     10   2.0  2.877568e+005      9.98
 110     15   2.0  2.883578e+005      9.88
 110    100   2.0  2.879347e+005      9.51
 110      0   2.5  2.858935e+005     10.25
 110      5   2.5  2.870466e+005     10.13
 110     10   2.5  2.879265e+005     10.02
 110     15   2.5  2.885439e+005      9.92
 110    100   2.5  2.881895e+005      9.55
 110      0   3.0  2.860149e+005     10.29
 110      5   3.0  2.871877e+005     10.17
 110     10   3.0  2.880858e+005     10.05
 110     15   3.0  2.887193e+005      9.95
 110    100   3.0  2.884312e+005      9.59
 110      0   3.5  2.861272e+005     10.32
 110      5   3.5  2.873196e+005     10.20
 110     10   3.5  2.882354e+005     10.09
 110     15   3.5  2.888847e+005      9.99
 110    100   3.5  2.886606e+005      9.63
 110      0   4.0  2.862307e+005     10.36
 110      5   4.0  2.874425e+005     10.24
 110     10   4.0  2.883755e+005     10.12
 110     15   4.0  2.890402e+005     10.02
 110    100   4.0  2.888782e+005      9.66
 110      0   4.5  2.863265e+005     10.39
 110      5   4.5  2.875569e+005     10.27
 110     10   4.5  2.885068e+005     10.16
 110     15   4.5  2.891867e+005     10.06
 110    100   4.5  2.890844e+005      9.70
 110      0   5.0  2.864143e+005     10.43
 110      5   5.0  2.876630e+005     10.30
 110     10   5.0  2.886297e+005     10.19
 110     15   5.0  2.893243e+005     10.09
 110    100   5.0  2.892802e+005      9.74
 115      0   0.0  2.820081e+005     10.37
 115      5   0.0  2.832620e+005     10.25
 115     10   0.0  2.842806e+005     10.13
 115     15   0.0  2.850406e+005     10.03
 115    100   0.0  2.850781e+005      9.63
 115      0   0.5  2.821280e+005     10.41
 115      5   0.5  2.834029e+005     10.29
 115     10   0.5  2.844409e+005     10.17
 115     15   0.5  2.852187e+005     10.07
 115    100   0.5  2.853316e+005      9.67
 115      0   1.0  2.822373e+005     10.45
 115      5   1.0  2.835325e+005     10.33
 115     10   1.0  2.845898e+005     10.21
 115     15   1.0  2.853848e+005     10.11
 115    100   1.0  2.855706e+005      9.72
 115      0   1.5  2.823363e+005     10.49
 115      5   1.5  2.836517e+005     10.37
 115     10   1.5  2.847278e+005     10.25
 115     15   1.5  2.855394e+005     10.15
 115    100   1.5  2.857954e+005      9.76
 115      0   2.0  2.824262e+005     10.53
 115      5   2.0  2.837608e+005     10.40
 115     10   2.0  2.848552e+005     10.29
 115     15   2.0  2.856832e+005     10.19
 115    100   2.0  2.860071e+005      9.80
 115      0   2.5  2.825069e+005     10.56
 115      5   2.5  2.838608e+005     10.44
 115     10   2.5  2.849730e+005     10.33
 115     15   2.5  2.858169e+005     10.22
 115    100   2.5  2.862061e+005      9.84
 115      0   3.0  2.825792e+005     10.60
 115      5   3.0  2.839518e+005     10.48
 115     10   3.0  2.850813e+005     10.36
 115     15   3.0  2.859411e+005     10.26
 115    100   3.0  2.863933e+005      9.88
 115      0   3.5  2.826436e+005     10.63
 115      5   3.5  2.840345e+005     10.51
 115     10   3.5  2.851810e+005     10.40
 115     15   3.5  2.860559e+005     10.29
 115    100   3.5  2.865691e+005      9.92
 115      0   4.0  2.827003e+005     10.67
 115      5   4.0  2.841091e+005     10.55
 115     10   4.0  2.852722e+005     10.43
 115     15   4.0  2.861620e+005     10.33
 115    100   4.0  2.867342e+005      9.96
 115      0   4.5  2.827498e+005     10.70
 115      5   4.5  2.841763e+005     10.58
 115     10   4.5  2.853555e+005     10.47
 115     15   4.5  2.862599e+005     10.36
 115    100   4.5  2.868890e+005      9.99
 115      0   5.0  2.827924e+005     10.74
 115      5   5.0  2.842360e+005     10.61
 115     10   5.0  2.854313e+005     10.50
 115     15   5.0  2.863498e+005     10.40
 115    100   5.0  2.870341e+005     10.03
 120      0   0.0  2.785688e+005     10.67
 120      5   0.0  2.800228e+005     10.54
 120     10   0.0  2.812218e+005     10.43
 120     15   0.0  2.821745e+005     10.32
 120    100   0.0  2.829708e+005      9.91
 120      0   0.5  2.786395e+005     10.71
 120      5   0.5  2.801136e+005     10.58
 120     10   0.5  2.813309e+005     10.47
 120     15   0.5  2.823004e+005     10.36
 120    100   0.5  2.831687e+005      9.95
 120      0   1.0  2.787009e+005     10.75
 120      5   1.0  2.801942e+005     10.62
 120     10   1.0  2.814295e+005     10.51
 120     15   1.0  2.824154e+005     10.40
 120    100   1.0  2.833531e+005     10.00
 120      0   1.5  2.787533e+005     10.79
 120      5   1.5  2.802654e+005     10.66
 120     10   1.5  2.815183e+005     10.55
 120     15   1.5  2.825203e+005     10.44
 120    100   1.5  2.835247e+005     10.04
 120      0   2.0  2.787972e+005     10.82
 120      5   2.0  2.803280e+005     10.70
 120     10   2.0  2.815980e+005     10.59
 120     15   2.0  2.826154e+005     10.48
 120    100   2.0  2.836843e+005     10.08
 120      0   2.5  2.788334e+005     10.86
 120      5   2.5  2.803822e+005     10.74
 120     10   2.5  2.816687e+005     10.62
 120     15   2.5  2.827015e+005     10.52
 120    100   2.5  2.838324e+005     10.12
 120      0   3.0  2.788618e+005     10.90
 120      5   3.0  2.804283e+005     10.77
 120     10   3.0  2.817312e+005     10.66
 120     15   3.0  2.827787e+005     10.55
 120    100   3.0  2.839697e+005     10.16
 120      0   3.5  2.788833e+005     10.93
 120      5   3.5  2.804670e+005     10.81
 120     10   3.5  2.817859e+005     10.69
 120     15   3.5  2.828480e+005     10.59
 120    100   3.5  2.840964e+005     10.20
 120      0   4.0  2.788979e+005     10.97
 120      5   4.0  2.804985e+005     10.84
 120     10   4.0  2.818330e+005     10.73
 120     15   4.0  2.829091e+005     10.62
 120    100   4.0  2.842136e+005     10.24
 120      0   4.5  2.789063e+005     11.00
 120      5   4.5  2.805234e+005     10.88
 120     10   4.5  2.818731e+005     10.76
 120     15   4.5  2.829630e+005     10.66
 120    100   4.5  2.843215e+005     10.27
 120      0   5.0  2.789085e+005     11.03
 120      5   5.0  2.805420e+005     10.91
 120     10   5.0  2.819066e+005     10.79
 120     15   5.0  2.830098e+005     10.69
 120    100   5.0  2.844205e+005     10.31
 125      0   0.0  2.748185e+005     10.96
 125      5   0.0  2.764407e+005     10.84
 125     10   0.0  2.778202e+005     10.72
 125     15   0.0  2.789438e+005     10.61
 125    100   0.0  2.804770e+005     10.18
 125      0   0.5  2.748446e+005     11.00
 125      5   0.5  2.764853e+005     10.88
 125     10   0.5  2.778824e+005     10.76
 125     15   0.5  2.790219e+005     10.65
 125    100   0.5  2.806234e+005     10.22
 125      0   1.0  2.748624e+005     11.04
 125      5   1.0  2.765212e+005     10.91
 125     10   1.0  2.779352e+005     10.80
 125     15   1.0  2.790902e+005     10.69
 125    100   1.0  2.807573e+005     10.27
 125      0   1.5  2.748721e+005     11.08
 125      5   1.5  2.765488e+005     10.95
 125     10   1.5  2.779793e+005     10.84
 125     15   1.5  2.791494e+005     10.73
 125    100   1.5  2.808793e+005     10.31
 125      0   2.0  2.748746e+005     11.12
 125      5   2.0  2.765684e+005     10.99
 125     10   2.0  2.780152e+005     10.87
 125     15   2.0  2.791998e+005     10.77
 125    100   2.0  2.809908e+005     10.35
 125      0   2.5  2.748699e+005     11.15
 125      5   2.5  2.765807e+005     11.03
 125     10   2.5  2.780432e+005     10.91
 125     15   2.5  2.792421e+005     10.80
 125    100   2.5  2.810917e+005     10.39
 125      0   3.0  2.748586e+005     11.19
 125      5   3.0  2.765858e+005     11.06
 125     10   3.0  2.780637e+005     10.95
 125     15   3.0  2.792768e+005     10.84
 125    100   3.0  2.811825e+005     10.43
 125      0   3.5  2.748412e+005     11.22
 125      5   3.5  2.765846e+005     11.10
 125     10   3.5  2.780774e+005     10.98
 125     15   3.5  2.793040e+005     10.88
 125    100   3.5  2.812643e+005     10.47
 125      0   4.0  2.748177e+005     11.26
 125      5   4.0  2.765770e+005     11.13
 125     10   4.0  2.780846e+005     11.02
 125     15   4.0  2.793243e+005     10.91
 125    100   4.0  2.813369e+005     10.51
 125      0   4.5  2.747889e+005     11.29
 125      5   4.5  2.765634e+005     11.17
 125     10   4.5  2.780853e+005     11.05
 125     15   4.5  2.793381e+005     10.94
 125    100   4.5  2.814014e+005     10.54
 125      0   5.0  2.747548e+005     11.32
 125      5   5.0  2.765445e+005     11.20
 125     10   5.0  2.780802e+005     11.08
 125     15   5.0  2.793458e+005     10.98
 125    100   5.0  2.814579e+005     10.58
 130      0   0.0  2.708882e+005     11.24
 130      5   0.0  2.727472e+005     11.11
 130     10   0.0  2.742539e+005     10.99
 130     15   0.0  2.755175e+005     10.89
 130    100   0.0  2.777294e+005     10.44
 130      0   0.5  2.708744e+005     11.28
 130      5   0.5  2.727516e+005     11.15
 130     10   0.5  2.742744e+005     11.03
 130     15   0.5  2.755528e+005     10.93
 130    100   0.5  2.778285e+005     10.49
 130      0   1.0  2.708531e+005     11.32
 130      5   1.0  2.727480e+005     11.19
 130     10   1.0  2.742865e+005     11.07
 130     15   1.0  2.755794e+005     10.97
 130    100   1.0  2.779168e+005     10.53
 130      0   1.5  2.708248e+005     11.36
 130      5   1.5  2.727372e+005     11.23
 130     10   1.5  2.742908e+005     11.11
 130     15   1.5  2.755979e+005     11.00
 130    100   1.5  2.779943e+005     10.57
 130      0   2.0  2.707901e+005     11.40
 130      5   2.0  2.727191e+005     11.27
 130     10   2.0  2.742878e+005     11.15
 130     15   2.0  2.756085e+005     11.04
 130    100   2.0  2.780619e+005     10.61
 130      0   2.5  2.707492e+005     11.43
 130      5   2.5  2.726946e+005     11.30
 130     10   2.5  2.742778e+005     11.19
 130     15   2.5  2.756119e+005     11.08
 130    100   2.5  2.781201e+005     10.65
 130      0   3.0  2.707023e+005     11.47
 130      5   3.0  2.726641e+005     11.34
 130     10   3.0  2.742614e+005     11.22
 130     15   3.0  2.756084e+005     11.11
 130    100   3.0  2.781693e+005     10.69
 130      0   3.5  2.706502e+005     11.50
 130      5   3.5  2.726276e+005     11.37
 130     10   3.5  2.742388e+005     11.26
 130     15   3.5  2.755985e+005     11.15
 130    100   3.5  2.782101e+005     10.73
 130      0   4.0  2.705929e+005     11.54
 130      5   4.0  2.725855e+005     11.41
 130     10   4.0  2.742104e+005     11.29
 130     15   4.0  2.755823e+005     11.18
 130    100   4.0  2.782429e+005     10.77
 130      0   4.5  2.705307e+005     11.57
 130      5   4.5  2.725386e+005     11.44
 130     10   4.5  2.741765e+005     11.33
 130     15   4.5  2.755605e+005     11.22
 130    100   4.5  2.782681e+005     10.81
 130      0   5.0  2.704641e+005     11.60
 130      5   5.0  2.724866e+005     11.47
 130     10   5.0  2.741374e+005     11.36
 130     15   5.0  2.755332e+005     11.25
 130    100   5.0  2.782860e+005     10.84
 135      0   0.0  2.670717e+005     11.50
 135      5   0.0  2.688340e+005     11.38
 135     10   0.0  2.704788e+005     11.26
 135     15   0.0  2.718750e+005     11.15
 135    100   0.0  2.747815e+005     10.69
 135      0   0.5  2.670238e+005     11.54
 135      5   0.5  2.688013e+005     11.42
 135     10   0.5  2.704612e+005     11.30
 135     15   0.5  2.718713e+005     11.19
 135    100   0.5  2.748381e+005     10.74
 135      0   1.0  2.669695e+005     11.58
 135      5   1.0  2.687617e+005     11.46
 135     10   1.0  2.704364e+005     11.34
 135     15   1.0  2.718599e+005     11.23
 135    100   1.0  2.748848e+005     10.78
 135      0   1.5  2.669088e+005     11.62
 135      5   1.5  2.687156e+005     11.50
 135     10   1.5  2.704046e+005     11.38
 135     15   1.5  2.718413e+005     11.27
 135    100   1.5  2.749218e+005     10.82
 135      0   2.0  2.668426e+005     11.66
 135      5   2.0  2.686633e+005     11.54
 135     10   2.0  2.703663e+005     11.42
 135     15   2.0  2.718158e+005     11.31
 135    100   2.0  2.749499e+005     10.86
 135      0   2.5  2.667709e+005     11.69
 135      5   2.5  2.686053e+005     11.57
 135     10   2.5  2.703219e+005     11.45
 135     15   2.5  2.717838e+005     11.35
 135    100   2.5  2.749693e+005     10.90
 135      0   3.0  2.666943e+005     11.73
 135      5   3.0  2.685419e+005     11.61
 135     10   3.0  2.702718e+005     11.49
 135     15   3.0  2.717458e+005     11.38
 135    100   3.0  2.749806e+005     10.94
 135      0   3.5  2.666127e+005     11.76
 135      5   3.5  2.684736e+005     11.64
 135     10   3.5  2.702163e+005     11.52
 135     15   3.5  2.717020e+005     11.42
 135    100   3.5  2.749843e+005     10.98
 135      0   4.0  2.665268e+005     11.80
 135      5   4.0  2.684003e+005     11.68
 135     10   4.0  2.701556e+005     11.56
 135     15   4.0  2.716530e+005     11.45
 135    100   4.0  2.749810e+005     11.02
 135      0   4.5  2.664368e+005     11.83
 135      5   4.5  2.683227e+005     11.71
 135     10   4.5  2.700902e+005     11.59
 135     15   4.5  2.715987e+005     11.49
 135    100   4.5  2.749708e+005     11.06
 135      0   5.0  2.663428e+005     11.86
 135      5   5.0  2.682409e+005     11.74
 135     10   5.0  2.700205e+005     11.63
 135     15   5.0  2.715397e+005     11.52
 135    100   5.0  2.749541e+005     11.09
 140      0   0.0  2.647531e+005     11.67
 140      5   0.0  2.658674e+005     11.59
 140     10   0.0  2.673660e+005     11.48
 140     15   0.0  2.687975e+005     11.38
 140    100   0.0  2.722078e+005     10.91
 140      0   0.5  2.646857e+005     11.71
 140      5   0.5  2.658093e+005     11.63
 140     10   0.5  2.673204e+005     11.52
 140     15   0.5  2.687645e+005     11.42
 140    100   0.5  2.722309e+005     10.96
 140      0   1.0  2.646124e+005     11.75
 140      5   1.0  2.657449e+005     11.67
 140     10   1.0  2.672681e+005     11.56
 140     15   1.0  2.687245e+005     11.46
 140    100   1.0  2.722450e+005     11.00
 140      0   1.5  2.645335e+005     11.79
 140      5   1.5  2.656747e+005     11.71
 140     10   1.5  2.672097e+005     11.60
 140     15   1.5  2.686779e+005     11.49
 140    100   1.5  2.722501e+005     11.04
 140      0   2.0  2.644496e+005     11.82
 140      5   2.0  2.655990e+005     11.74
 140     10   2.0  2.671454e+005     11.64
 140     15   2.0  2.686251e+005     11.53
 140    100   2.0  2.722471e+005     11.08
 140      0   2.5  2.643607e+005     11.86
 140      5   2.5  2.655183e+005     11.78
 140     10   2.5  2.670758e+005     11.67
 140     15   2.5  2.685667e+005     11.57
 140    100   2.5  2.722362e+005     11.12
 140      0   3.0  2.642672e+005     11.89
 140      5   3.0  2.654326e+005     11.81
 140     10   3.0  2.670010e+005     11.71
 140     15   3.0  2.685029e+005     11.60
 140    100   3.0  2.722182e+005     11.16
 140      0   3.5  2.641695e+005     11.93
 140      5   3.5  2.653425e+005     11.85
 140     10   3.5  2.669213e+005     11.74
 140     15   3.5  2.684339e+005     11.64
 140    100   3.5  2.721932e+005     11.20
 140      0   4.0  2.640677e+005     11.96
 140      5   4.0  2.652482e+005     11.88
 140     10   4.0  2.668373e+005     11.78
 140     15   4.0  2.683602e+005     11.67
 140    100   4.0  2.721617e+005     11.23
 140      0   4.5  2.639623e+005     12.00
 140      5   4.5  2.651498e+005     11.92
 140     10   4.5  2.667491e+005     11.81
 140     15   4.5  2.682819e+005     11.71
 140    100   4.5  2.721242e+005     11.27
 140      0   5.0  2.638534e+005     12.03
 140      5   5.0  2.650480e+005     11.95
 140     10   5.0  2.666570e+005     11.84
 140     15   5.0  2.681995e+005     11.74
 140    100   5.0  2.720809e+005     11.31
