  30      0   0.0  1.205363e+005      2.15
  30      5   0.0  1.173198e+005      2.07
  30     10   0.0  1.162793e+005      2.05
  30     15   0.0  1.159034e+005      2.04
  30    100   0.0  1.160596e+005      2.04
  30      0   0.5  1.208027e+005      2.16
  30      5   0.5  1.176314e+005      2.08
  30     10   0.5  1.166266e+005      2.06
  30     15   0.5  1.162679e+005      2.05
  30    100   0.5  1.164354e+005      2.05
  30      0   1.0  1.210616e+005      2.16
  30      5   1.0  1.179356e+005      2.09
  30     10   1.0  1.169659e+005      2.06
  30     15   1.0  1.166239e+005      2.05
  30    100   1.0  1.168017e+005      2.06
  30      0   1.5  1.213132e+005      2.17
  30      5   1.5  1.182324e+005      2.10
  30     10   1.5  1.172972e+005      2.07
  30     15   1.5  1.169714e+005      2.06
  30    100   1.5  1.171586e+005      2.07
  30      0   2.0  1.215577e+005      2.18
  30      5   2.0  1.185222e+005      2.10
  30     10   2.0  1.176208e+005      2.08
  30     15   2.0  1.173106e+005      2.07
  30    100   2.0  1.175065e+005      2.08
  30      0   2.5  1.217954e+005      2.18
  30      5   2.5  1.188050e+005      2.11
  30     10   2.5  1.179368e+005      2.09
  30     15   2.5  1.176417e+005      2.08
  30    100   2.5  1.178455e+005      2.08
  30      0   3.0  1.220265e+005      2.19
  30      5   3.0  1.190811e+005      2.12
  30     10   3.0  1.182453e+005      2.10
  30     15   3.0  1.179647e+005      2.09
  30    100   3.0  1.181758e+005      2.09
  30      0   3.5  1.222513e+005      2.19
  30      5   3.5  1.193506e+005      2.12
  30     10   3.5  1.185464e+005      2.10
  30     15   3.5  1.182800e+005      2.10
  30    100   3.5  1.184976e+005      2.10
  30      0   4.0  1.224699e+005      2.20
  30      5   4.0  1.196138e+005      2.13
  30     10   4.0  1.188405e+005      2.11
  30     15   4.0  1.185875e+005      2.10
  30    100   4.0  1.188110e+005      2.11
  30      0   4.5  1.226826e+005      2.21
  30      5   4.5  1.198706e+005      2.14
  30     10   4.5  1.191274e+005      2.12
  30     15   4.5  1.188875e+005      2.11
  30    100   4.5  1.191163e+005      2.12
  30      0   5.0  1.228895e+005      2.21
  30      5   5.0  1.201214e+005      2.14
  30     10   5.0  1.194076e+005      2.12
  30     15   5.0  1.191801e+005      2.12
  30    100   5.0  1.194136e+005      2.12
  35      0   0.0  1.475126e+005      2.78
  35      5   0.0  1.451886e+005      2.72
  35     10   0.0  1.437952e+005      2.69
  35     15   0.0  1.432710e+005      2.67
  35    100   0.0  1.434688e+005      2.68
  35      0   0.5  1.478028e+005      2.78
  35      5   0.5  1.454786e+005      2.73
  35     10   0.5  1.440960e+005      2.69
  35     15   0.5  1.435843e+005      2.68
  35    100   0.5  1.437907e+005      2.69
  35      0   1.0  1.480863e+005      2.79
  35      5   1.0  1.457621e+005      2.74
  35     10   1.0  1.443902e+005      2.70
  35     15   1.0  1.438907e+005      2.69
  35    100   1.0  1.441050e+005      2.69
  35      0   1.5  1.483636e+005      2.80
  35      5   1.5  1.460394e+005      2.74
  35     10   1.5  1.446780e+005      2.71
  35     15   1.5  1.441905e+005      2.70
  35    100   1.5  1.444120e+005      2.70
  35      0   2.0  1.486348e+005      2.81
  35      5   2.0  1.463107e+005      2.75
  35     10   2.0  1.449598e+005      2.72
  35     15   2.0  1.444839e+005      2.70
  35    100   2.0  1.447121e+005      2.71
  35      0   2.5  1.489002e+005      2.81
  35      5   2.5  1.465762e+005      2.76
  35     10   2.5  1.452358e+005      2.72
  35     15   2.5  1.447712e+005      2.71
  35    100   2.5  1.450056e+005      2.72
  35      0   3.0  1.491599e+005      2.82
  35      5   3.0  1.468362e+005      2.76
  35     10   3.0  1.455061e+005      2.73
  35     15   3.0  1.450525e+005      2.72
  35    100   3.0  1.452926e+005      2.72
  35      0   3.5  1.494142e+005      2.83
  35      5   3.5  1.470908e+005      2.77
  35     10   3.5  1.457710e+005      2.74
  35     15   3.5  1.453282e+005      2.73
  35    100   3.5  1.455735e+005      2.73
  35      0   4.0  1.496633e+005      2.83
  35      5   4.0  1.473403e+005      2.78
  35     10   4.0  1.460306e+005      2.74
  35     15   4.0  1.455983e+005      2.73
  35    100   4.0  1.458485e+005      2.74
  35      0   4.5  1.499073e+005      2.84
  35      5   4.5  1.475848e+005      2.78
  35     10   4.5  1.462853e+005      2.75
  35     15   4.5  1.458633e+005      2.74
  35    100   4.5  1.461178e+005      2.75
  35      0   5.0  1.501463e+005      2.85
  35      5   5.0  1.478246e+005      2.79
  35     10   5.0  1.465350e+005      2.76
  35     15   5.0  1.461230e+005      2.75
  35    100   5.0  1.463817e+005      2.75
  40      0   0.0  1.766738e+005      3.49
  40      5   0.0  1.716520e+005      3.36
  40     10   0.0  1.693855e+005      3.30
  40     15   0.0  1.683067e+005      3.28
  40    100   0.0  1.680163e+005      3.27
  40      0   0.5  1.771244e+005      3.50
  40      5   0.5  1.720784e+005      3.38
  40     10   0.5  1.698188e+005      3.32
  40     15   0.5  1.687541e+005      3.29
  40    100   0.5  1.684805e+005      3.28
  40      0   1.0  1.775666e+005      3.51
  40      5   1.0  1.724971e+005      3.39
  40     10   1.0  1.702445e+005      3.33
  40     15   1.0  1.691940e+005      3.30
  40    100   1.0  1.689366e+005      3.29
  40      0   1.5  1.780007e+005      3.53
  40      5   1.5  1.729082e+005      3.40
  40     10   1.5  1.706629e+005      3.34
  40     15   1.5  1.696265e+005      3.31
  40    100   1.5  1.693848e+005      3.30
  40      0   2.0  1.784269e+005      3.54
  40      5   2.0  1.733120e+005      3.41
  40     10   2.0  1.710743e+005      3.35
  40     15   2.0  1.700521e+005      3.32
  40    100   2.0  1.698252e+005      3.32
  40      0   2.5  1.788454e+005      3.55
  40      5   2.5  1.737088e+005      3.42
  40     10   2.5  1.714789e+005      3.36
  40     15   2.5  1.704707e+005      3.33
  40    100   2.5  1.702583e+005      3.33
  40      0   3.0  1.792565e+005      3.56
  40      5   3.0  1.740987e+005      3.43
  40     10   3.0  1.718769e+005      3.37
  40     15   3.0  1.708828e+005      3.35
  40    100   3.0  1.706843e+005      3.34
  40      0   3.5  1.796604e+005      3.57
  40      5   3.5  1.744820e+005      3.44
  40     10   3.5  1.722685e+005      3.38
  40     15   3.5  1.712883e+005      3.36
  40    100   3.5  1.711033e+005      3.35
  40      0   4.0  1.800573e+005      3.58
  40      5   4.0  1.748589e+005      3.45
  40     10   4.0  1.726539e+005      3.39
  40     15   4.0  1.716876e+005      3.37
  40    100   4.0  1.715155e+005      3.36
  40      0   4.5  1.804475e+005      3.60
  40      5   4.5  1.752295e+005      3.46
  40     10   4.5  1.730333e+005      3.40
  40     15   4.5  1.720809e+005      3.38
  40    100   4.5  1.719213e+005      3.37
  40      0   5.0  1.808310e+005      3.61
  40      5   5.0  1.755941e+005      3.47
  40     10   5.0  1.734069e+005      3.41
  40     15   5.0  1.724684e+005      3.39
  40    100   5.0  1.723207e+005      3.38
  45      0   0.0  2.053517e+005      4.25
  45      5   0.0  2.020840e+005      4.16
  45     10   0.0  1.995765e+005      4.09
  45     15   0.0  1.979971e+005      4.04
  45    100   0.0  1.971420e+005      4.02
  45      0   0.5  2.058500e+005      4.27
  45      5   0.5  2.025850e+005      4.18
  45     10   0.5  2.000915e+005      4.11
  45     15   0.5  1.985334e+005      4.06
  45    100   0.5  1.977101e+005      4.03
  45      0   1.0  2.063373e+005      4.29
  45      5   1.0  2.030751e+005      4.19
  45     10   1.0  2.005957e+005      4.12
  45     15   1.0  1.990587e+005      4.08
  45    100   1.0  1.982663e+005      4.05
  45      0   1.5  2.068140e+005      4.30
  45      5   1.5  2.035547e+005      4.21
  45     10   1.5  2.010893e+005      4.14
  45     15   1.5  1.995734e+005      4.09
  45    100   1.5  1.988111e+005      4.07
  45      0   2.0  2.072805e+005      4.31
  45      5   2.0  2.040240e+005      4.22
  45     10   2.0  2.015728e+005      4.15
  45     15   2.0  2.000778e+005      4.11
  45    100   2.0  1.993446e+005      4.08
  45      0   2.5  2.077370e+005      4.33
  45      5   2.5  2.044835e+005      4.24
  45     10   2.5  2.020464e+005      4.17
  45     15   2.5  2.005722e+005      4.12
  45    100   2.5  1.998673e+005      4.10
  45      0   3.0  2.081839e+005      4.34
  45      5   3.0  2.049335e+005      4.25
  45     10   3.0  2.025105e+005      4.18
  45     15   3.0  2.010569e+005      4.14
  45    100   3.0  2.003794e+005      4.11
  45      0   3.5  2.086215e+005      4.36
  45      5   3.5  2.053741e+005      4.26
  45     10   3.5  2.029653e+005      4.19
  45     15   3.5  2.015323e+005      4.15
  45    100   3.5  2.008814e+005      4.13
  45      0   4.0  2.090502e+005      4.37
  45      5   4.0  2.058058e+005      4.28
  45     10   4.0  2.034111e+005      4.21
  45     15   4.0  2.019984e+005      4.17
  45    100   4.0  2.013733e+005      4.15
  45      0   4.5  2.094700e+005      4.38
  45      5   4.5  2.062288e+005      4.29
  45     10   4.5  2.038483e+005      4.22
  45     15   4.5  2.024557e+005      4.18
  45    100   4.5  2.018557e+005      4.16
  45      0   5.0  2.098814e+005      4.40
  45      5   5.0  2.066434e+005      4.30
  45     10   5.0  2.042769e+005      4.23
  45     15   5.0  2.029044e+005      4.19
  45    100   5.0  2.023287e+005      4.17
  50      0   0.0  2.268747e+005      4.89
  50      5   0.0  2.232174e+005      4.78
  50     10   0.0  2.207188e+005      4.70
  50     15   0.0  2.190049e+005      4.65
  50    100   0.0  2.175172e+005      4.60
  50      0   0.5  2.274085e+005      4.91
  50      5   0.5  2.237457e+005      4.80
  50     10   0.5  2.212542e+005      4.72
  50     15   0.5  2.195539e+005      4.66
  50    100   0.5  2.181066e+005      4.62
  50      0   1.0  2.279308e+005      4.93
  50      5   1.0  2.242627e+005      4.81
  50     10   1.0  2.217782e+005      4.74
  50     15   1.0  2.200915e+005      4.68
  50    100   1.0  2.186833e+005      4.63
  50      0   1.5  2.284421e+005      4.94
  50      5   1.5  2.247687e+005      4.83
  50     10   1.5  2.222912e+005      4.75
  50     15   1.5  2.206180e+005      4.70
  50    100   1.5  2.192480e+005      4.65
  50      0   2.0  2.289427e+005      4.96
  50      5   2.0  2.252640e+005      4.85
  50     10   2.0  2.227937e+005      4.77
  50     15   2.0  2.211337e+005      4.72
  50    100   2.0  2.198009e+005      4.67
  50      0   2.5  2.294331e+005      4.98
  50      5   2.5  2.257493e+005      4.86
  50     10   2.5  2.232860e+005      4.78
  50     15   2.5  2.216392e+005      4.73
  50    100   2.5  2.203425e+005      4.69
  50      0   3.0  2.299135e+005      4.99
  50      5   3.0  2.262246e+005      4.88
  50     10   3.0  2.237684e+005      4.80
  50     15   3.0  2.221347e+005      4.75
  50    100   3.0  2.208731e+005      4.71
  50      0   3.5  2.303842e+005      5.01
  50      5   3.5  2.266903e+005      4.89
  50     10   3.5  2.242412e+005      4.82
  50     15   3.5  2.226204e+005      4.77
  50    100   3.5  2.213931e+005      4.72
  50      0   4.0  2.308457e+005      5.03
  50      5   4.0  2.271468e+005      4.91
  50     10   4.0  2.247047e+005      4.83
  50     15   4.0  2.230969e+005      4.78
  50    100   4.0  2.219028e+005      4.74
  50      0   4.5  2.312982e+005      5.04
  50      5   4.5  2.275943e+005      4.92
  50     10   4.5  2.251593e+005      4.85
  50     15   4.5  2.235643e+005      4.80
  50    100   4.5  2.224026e+005      4.76
  50      0   5.0  2.317418e+005      5.06
  50      5   5.0  2.280332e+005      4.94
  50     10   5.0  2.256052e+005      4.86
  50     15   5.0  2.240229e+005      4.81
  50    100   5.0  2.228927e+005      4.77
  55      0   0.0  2.488803e+005      5.62
  55      5   0.0  2.453013e+005      5.50
  55     10   0.0  2.423939e+005      5.39
  55     15   0.0  2.403154e+005      5.32
  55    100   0.0  2.382539e+005      5.25
  55      0   0.5  2.494533e+005      5.64
  55      5   0.5  2.458752e+005      5.52
  55     10   0.5  2.429754e+005      5.41
  55     15   0.5  2.409100e+005      5.34
  55    100   0.5  2.388955e+005      5.27
  55      0   1.0  2.500140e+005      5.67
  55      5   1.0  2.464370e+005      5.54
  55     10   1.0  2.435450e+005      5.44
  55     15   1.0  2.414925e+005      5.36
  55    100   1.0  2.395239e+005      5.29
  55      0   1.5  2.505631e+005      5.69
  55      5   1.5  2.469873e+005      5.56
  55     10   1.5  2.441029e+005      5.46
  55     15   1.5  2.420634e+005      5.38
  55    100   1.5  2.401395e+005      5.31
  55      0   2.0  2.511006e+005      5.71
  55      5   2.0  2.475262e+005      5.58
  55     10   2.0  2.446497e+005      5.48
  55     15   2.0  2.426230e+005      5.41
  55    100   2.0  2.407427e+005      5.34
  55      0   2.5  2.516274e+005      5.73
  55      5   2.5  2.480542e+005      5.60
  55     10   2.5  2.451856e+005      5.50
  55     15   2.5  2.431718e+005      5.43
  55    100   2.5  2.413341e+005      5.36
  55      0   3.0  2.521434e+005      5.75
  55      5   3.0  2.485717e+005      5.62
  55     10   3.0  2.457110e+005      5.52
  55     15   3.0  2.437102e+005      5.44
  55    100   3.0  2.419139e+005      5.38
  55      0   3.5  2.526492e+005      5.77
  55      5   3.5  2.490791e+005      5.64
  55     10   3.5  2.462263e+005      5.53
  55     15   3.5  2.442383e+005      5.46
  55    100   3.5  2.424824e+005      5.40
  55      0   4.0  2.531451e+005      5.79
  55      5   4.0  2.495766e+005      5.66
  55     10   4.0  2.467318e+005      5.55
  55     15   4.0  2.447566e+005      5.48
  55    100   4.0  2.430403e+005      5.42
  55      0   4.5  2.536314e+005      5.81
  55      5   4.5  2.500645e+005      5.67
  55     10   4.5  2.472278e+005      5.57
  55     15   4.5  2.452655e+005      5.50
  55    100   4.5  2.435876e+005      5.44
  55      0   5.0  2.541083e+005      5.82
  55      5   5.0  2.505433e+005      5.69
  55     10   5.0  2.477148e+005      5.59
  55     15   5.0  2.457650e+005      5.52
  55    100   5.0  2.441249e+005      5.46
  60      0   0.0  2.641079e+005      6.23
  60      5   0.0  2.615373e+005      6.12
  60     10   0.0  2.591185e+005      6.02
  60     15   0.0  2.570928e+005      5.94
  60    100   0.0  2.543162e+005      5.83
  60      0   0.5  2.646624e+005      6.25
  60      5   0.5  2.620997e+005      6.14
  60     10   0.5  2.596909e+005      6.04
  60     15   0.5  2.576783e+005      5.96
  60    100   0.5  2.549538e+005      5.85
  60      0   1.0  2.652046e+005      6.28
  60      5   1.0  2.626497e+005      6.17
  60     10   1.0  2.602509e+005      6.07
  60     15   1.0  2.582513e+005      5.99
  60    100   1.0  2.555779e+005      5.88
  60      0   1.5  2.657348e+005      6.30
  60      5   1.5  2.631877e+005      6.19
  60     10   1.5  2.607989e+005      6.09
  60     15   1.5  2.588124e+005      6.01
  60    100   1.5  2.561888e+005      5.90
  60      0   2.0  2.662536e+005      6.32
  60      5   2.0  2.637142e+005      6.21
  60     10   2.0  2.613354e+005      6.11
  60     15   2.0  2.593618e+005      6.03
  60    100   2.0  2.567869e+005      5.93
  60      0   2.5  2.667613e+005      6.34
  60      5   2.5  2.642295e+005      6.23
  60     10   2.5  2.618607e+005      6.13
  60     15   2.5  2.598999e+005      6.05
  60    100   2.5  2.573726e+005      5.95
  60      0   3.0  2.672581e+005      6.37
  60      5   3.0  2.647341e+005      6.25
  60     10   3.0  2.623752e+005      6.15
  60     15   3.0  2.604271e+005      6.08
  60    100   3.0  2.579465e+005      5.98
  60      0   3.5  2.677447e+005      6.39
  60      5   3.5  2.652283e+005      6.27
  60     10   3.5  2.628793e+005      6.18
  60     15   3.5  2.609439e+005      6.10
  60    100   3.5  2.585088e+005      6.00
  60      0   4.0  2.682212e+005      6.41
  60      5   4.0  2.657123e+005      6.30
  60     10   4.0  2.633732e+005      6.20
  60     15   4.0  2.614503e+005      6.12
  60    100   4.0  2.590600e+005      6.02
  60      0   4.5  2.686881e+005      6.43
  60      5   4.5  2.661867e+005      6.32
  60     10   4.5  2.638573e+005      6.22
  60     15   4.5  2.619470e+005      6.14
  60    100   4.5  2.596002e+005      6.04
  60      0   5.0  2.691455e+005      6.45
  60      5   5.0  2.666516e+005      6.34
  60     10   5.0  2.643320e+005      6.24
  60     15   5.0  2.624341e+005      6.16
  60    100   5.0  2.601300e+005      6.06
  65      0   0.0  2.761822e+005      6.83
  65      5   0.0  2.737079e+005      6.69
  65     10   0.0  2.715679e+005      6.59
  65     15   0.0  2.697938e+005      6.50
  65    100   0.0  2.666604e+005      6.36
  65      0   0.5  2.767070e+005      6.85
  65      5   0.5  2.742422e+005      6.72
  65     10   0.5  2.721123e+005      6.61
  65     15   0.5  2.703506e+005      6.53
  65    100   0.5  2.672716e+005      6.39
  65      0   1.0  2.772196e+005      6.88
  65      5   1.0  2.747641e+005      6.75
  65     10   1.0  2.726446e+005      6.64
  65     15   1.0  2.708949e+005      6.55
  65    100   1.0  2.678693e+005      6.42
  65      0   1.5  2.777204e+005      6.90
  65      5   1.5  2.752743e+005      6.77
  65     10   1.5  2.731649e+005      6.66
  65     15   1.5  2.714273e+005      6.58
  65    100   1.5  2.684538e+005      6.44
  65      0   2.0  2.782101e+005      6.93
  65      5   2.0  2.757730e+005      6.79
  65     10   2.0  2.736738e+005      6.69
  65     15   2.0  2.719482e+005      6.60
  65    100   2.0  2.690254e+005      6.47
  65      0   2.5  2.786888e+005      6.95
  65      5   2.5  2.762608e+005      6.82
  65     10   2.5  2.741717e+005      6.71
  65     15   2.5  2.724579e+005      6.63
  65    100   2.5  2.695848e+005      6.50
  65      0   3.0  2.791569e+005      6.98
  65      5   3.0  2.767380e+005      6.84
  65     10   3.0  2.746588e+005      6.73
  65     15   3.0  2.729568e+005      6.65
  65    100   3.0  2.701323e+005      6.52
  65      0   3.5  2.796149e+005      7.00
  65      5   3.5  2.772050e+005      6.86
  65     10   3.5  2.751356e+005      6.76
  65     15   3.5  2.734452e+005      6.67
  65    100   3.5  2.706683e+005      6.55
  65      0   4.0  2.800631e+005      7.02
  65      5   4.0  2.776620e+005      6.89
  65     10   4.0  2.756024e+005      6.78
  65     15   4.0  2.739234e+005      6.69
  65    100   4.0  2.711932e+005      6.57
  65      0   4.5  2.805017e+005      7.04
  65      5   4.5  2.781095e+005      6.91
  65     10   4.5  2.760595e+005      6.80
  65     15   4.5  2.743920e+005      6.72
  65    100   4.5  2.717073e+005      6.59
  65      0   5.0  2.809311e+005      7.07
  65      5   5.0  2.785477e+005      6.93
  65     10   5.0  2.765074e+005      6.82
  65     15   5.0  2.748511e+005      6.74
  65    100   5.0  2.722110e+005      6.62
  70      0   0.0  2.855229e+005      7.43
  70      5   0.0  2.835491e+005      7.29
  70     10   0.0  2.816830e+005      7.17
  70     15   0.0  2.800540e+005      7.07
  70    100   0.0  2.767530e+005      6.90
  70      0   0.5  2.859967e+005      7.45
  70      5   0.5  2.840373e+005      7.31
  70     10   0.5  2.821847e+005      7.19
  70     15   0.5  2.805688e+005      7.10
  70    100   0.5  2.773246e+005      6.93
  70      0   1.0  2.864589e+005      7.48
  70      5   1.0  2.845137e+005      7.34
  70     10   1.0  2.826744e+005      7.22
  70     15   1.0  2.810715e+005      7.13
  70    100   1.0  2.778826e+005      6.96
  70      0   1.5  2.869098e+005      7.51
  70      5   1.5  2.849787e+005      7.37
  70     10   1.5  2.831525e+005      7.25
  70     15   1.5  2.815624e+005      7.15
  70    100   1.5  2.784275e+005      6.99
  70      0   2.0  2.873499e+005      7.53
  70      5   2.0  2.854327e+005      7.39
  70     10   2.0  2.836196e+005      7.27
  70     15   2.0  2.820421e+005      7.18
  70    100   2.0  2.789600e+005      7.02
  70      0   2.5  2.877794e+005      7.56
  70      5   2.5  2.858759e+005      7.42
  70     10   2.5  2.840758e+005      7.30
  70     15   2.5  2.825109e+005      7.20
  70    100   2.5  2.794804e+005      7.04
  70      0   3.0  2.881988e+005      7.58
  70      5   3.0  2.863090e+005      7.44
  70     10   3.0  2.845217e+005      7.32
  70     15   3.0  2.829692e+005      7.23
  70    100   3.0  2.799891e+005      7.07
  70      0   3.5  2.886085e+005      7.61
  70      5   3.5  2.867322e+005      7.47
  70     10   3.5  2.849574e+005      7.35
  70     15   3.5  2.834173e+005      7.25
  70    100   3.5  2.804865e+005      7.10
  70      0   4.0  2.890088e+005      7.63
  70      5   4.0  2.871458e+005      7.49
  70     10   4.0  2.853836e+005      7.37
  70     15   4.0  2.838554e+005      7.28
  70    100   4.0  2.809729e+005      7.12
  70      0   4.5  2.893999e+005      7.65
  70      5   4.5  2.875502e+005      7.51
  70     10   4.5  2.858003e+005      7.39
  70     15   4.5  2.842841e+005      7.30
  70    100   4.5  2.814487e+005      7.15
  70      0   5.0  2.897823e+005      7.68
  70      5   5.0  2.879456e+005      7.54
  70     10   5.0  2.862080e+005      7.42
  70     15   5.0  2.847037e+005      7.32
  70    100   5.0  2.819144e+005      7.17
  75      0   0.0  2.919311e+005      7.99
  75      5   0.0  2.905436e+005      7.86
  75     10   0.0  2.891022e+005      7.73
  75     15   0.0  2.877460e+005      7.63
  75    100   0.0  2.844278e+005      7.43
  75      0   0.5  2.923417e+005      8.02
  75      5   0.5  2.909711e+005      7.88
  75     10   0.5  2.895455e+005      7.76
  75     15   0.5  2.882039e+005      7.66
  75    100   0.5  2.849436e+005      7.46
  75      0   1.0  2.927415e+005      8.05
  75      5   1.0  2.913875e+005      7.91
  75     10   1.0  2.899774e+005      7.79
  75     15   1.0  2.886502e+005      7.69
  75    100   1.0  2.854463e+005      7.49
  75      0   1.5  2.931307e+005      8.07
  75      5   1.5  2.917933e+005      7.94
  75     10   1.5  2.903983e+005      7.81
  75     15   1.5  2.890852e+005      7.71
  75    100   1.5  2.859366e+005      7.52
  75      0   2.0  2.935099e+005      8.10
  75      5   2.0  2.921884e+005      7.96
  75     10   2.0  2.908087e+005      7.84
  75     15   2.0  2.895096e+005      7.74
  75    100   2.0  2.864150e+005      7.54
  75      0   2.5  2.938791e+005      8.13
  75      5   2.5  2.925739e+005      7.99
  75     10   2.5  2.912090e+005      7.87
  75     15   2.5  2.899235e+005      7.77
  75    100   2.5  2.868815e+005      7.57
  75      0   3.0  2.942391e+005      8.15
  75      5   3.0  2.929496e+005      8.02
  75     10   3.0  2.915993e+005      7.89
  75     15   3.0  2.903275e+005      7.79
  75    100   3.0  2.873368e+005      7.60
  75      0   3.5  2.945899e+005      8.18
  75      5   3.5  2.933160e+005      8.04
  75     10   3.5  2.919802e+005      7.92
  75     15   3.5  2.907217e+005      7.82
  75    100   3.5  2.877813e+005      7.63
  75      0   4.0  2.949321e+005      8.20
  75      5   4.0  2.936735e+005      8.07
  75     10   4.0  2.923520e+005      7.94
  75     15   4.0  2.911066e+005      7.84
  75    100   4.0  2.882152e+005      7.65
  75      0   4.5  2.952658e+005      8.23
  75      5   4.5  2.940223e+005      8.09
  75     10   4.5  2.927149e+005      7.97
  75     15   4.5  2.914826e+005      7.87
  75    100   4.5  2.886392e+005      7.68
  75      0   5.0  2.955913e+005      8.25
  75      5   5.0  2.943628e+005      8.11
  75     10   5.0  2.930694e+005      7.99
  75     15   5.0  2.918499e+005      7.89
  75    100   5.0  2.890533e+005      7.71
  80      0   0.0  2.956072e+005      8.49
  80      5   0.0  2.947783e+005      8.36
  80     10   0.0  2.938198e+005      8.24
  80     15   0.0  2.928093e+005      8.14
  80    100   0.0  2.897198e+005      7.91
  80      0   0.5  2.959528e+005      8.52
  80      5   0.5  2.951415e+005      8.39
  80     10   0.5  2.941995e+005      8.27
  80     15   0.5  2.932038e+005      8.17
  80    100   0.5  2.901722e+005      7.94
  80      0   1.0  2.962887e+005      8.55
  80      5   1.0  2.954946e+005      8.42
  80     10   1.0  2.945686e+005      8.30
  80     15   1.0  2.935875e+005      8.20
  80    100   1.0  2.906124e+005      7.97
  80      0   1.5  2.966149e+005      8.57
  80      5   1.5  2.958379e+005      8.44
  80     10   1.5  2.949275e+005      8.33
  80     15   1.5  2.939609e+005      8.22
  80    100   1.5  2.910407e+005      8.00
  80      0   2.0  2.969319e+005      8.60
  80      5   2.0  2.961717e+005      8.47
  80     10   2.0  2.952768e+005      8.35
  80     15   2.0  2.943243e+005      8.25
  80    100   2.0  2.914577e+005      8.03
  80      0   2.5  2.972402e+005      8.63
  80      5   2.5  2.964963e+005      8.50
  80     10   2.5  2.956167e+005      8.38
  80     15   2.5  2.946781e+005      8.28
  80    100   2.5  2.918639e+005      8.06
  80      0   3.0  2.975396e+005      8.65
  80      5   3.0  2.968120e+005      8.52
  80     10   3.0  2.959474e+005      8.40
  80     15   3.0  2.950226e+005      8.30
  80    100   3.0  2.922595e+005      8.09
  80      0   3.5  2.978310e+005      8.68
  80      5   3.5  2.971194e+005      8.55
  80     10   3.5  2.962695e+005      8.43
  80     15   3.5  2.953581e+005      8.33
  80    100   3.5  2.926449e+005      8.11
  80      0   4.0  2.981144e+005      8.70
  80      5   4.0  2.974186e+005      8.57
  80     10   4.0  2.965832e+005      8.46
  80     15   4.0  2.956851e+005      8.35
  80    100   4.0  2.930205e+005      8.14
  80      0   4.5  2.983902e+005      8.73
  80      5   4.5  2.977099e+005      8.60
  80     10   4.5  2.968889e+005      8.48
  80     15   4.5  2.960037e+005      8.38
  80    100   4.5  2.933866e+005      8.17
  80      0   5.0  2.986586e+005      8.75
  80      5   5.0  2.979936e+005      8.62
  80     10   5.0  2.971866e+005      8.50
  80     15   5.0  2.963143e+005      8.40
  80    100   5.0  2.937435e+005      8.19
  85      0   0.0  2.971218e+005      8.96
  85      5   0.0  2.968138e+005      8.83
  85     10   0.0  2.963061e+005      8.71
  85     15   0.0  2.956638e+005      8.61
  85    100   0.0  2.929532e+005      8.35
  85      0   0.5  2.974030e+005      8.99
  85      5   0.5  2.971135e+005      8.86
  85     10   0.5  2.966219e+005      8.74
  85     15   0.5  2.959945e+005      8.63
  85    100   0.5  2.933410e+005      8.38
  85      0   1.0  2.976754e+005      9.01
  85      5   1.0  2.974038e+005      8.88
  85     10   1.0  2.969284e+005      8.77
  85     15   1.0  2.963153e+005      8.66
  85    100   1.0  2.937172e+005      8.41
  85      0   1.5  2.979390e+005      9.04
  85      5   1.5  2.976852e+005      8.91
  85     10   1.5  2.972258e+005      8.79
  85     15   1.5  2.966267e+005      8.69
  85    100   1.5  2.940826e+005      8.44
  85      0   2.0  2.981943e+005      9.07
  85      5   2.0  2.979580e+005      8.94
  85     10   2.0  2.975142e+005      8.82
  85     15   2.0  2.969292e+005      8.72
  85    100   2.0  2.944375e+005      8.47
  85      0   2.5  2.984419e+005      9.09
  85      5   2.5  2.982225e+005      8.96
  85     10   2.5  2.977942e+005      8.85
  85     15   2.5  2.972227e+005      8.74
  85    100   2.5  2.947822e+005      8.50
  85      0   3.0  2.986818e+005      9.12
  85      5   3.0  2.984793e+005      8.99
  85     10   3.0  2.980658e+005      8.87
  85     15   3.0  2.975078e+005      8.77
  85    100   3.0  2.951173e+005      8.53
  85      0   3.5  2.989142e+005      9.14
  85      5   3.5  2.987284e+005      9.01
  85     10   3.5  2.983297e+005      8.90
  85     15   3.5  2.977849e+005      8.80
  85    100   3.5  2.954429e+005      8.56
  85      0   4.0  2.991395e+005      9.17
  85      5   4.0  2.989702e+005      9.04
  85     10   4.0  2.985860e+005      8.92
  85     15   4.0  2.980540e+005      8.82
  85    100   4.0  2.957595e+005      8.59
  85      0   4.5  2.993581e+005      9.19
  85      5   4.5  2.992049e+005      9.06
  85     10   4.5  2.988350e+005      8.95
  85     15   4.5  2.983157e+005      8.85
  85    100   4.5  2.960674e+005      8.61
  85      0   5.0  2.995701e+005      9.22
  85      5   5.0  2.994328e+005      9.09
  85     10   5.0  2.990769e+005      8.97
  85     15   5.0  2.985700e+005      8.87
  85    100   5.0  2.963669e+005      8.64
  90      0   0.0  2.969968e+005      9.37
  90      5   0.0  2.971441e+005      9.25
  90     10   0.0  2.970407e+005      9.13
  90     15   0.0  2.967455e+005      9.03
  90    100   0.0  2.945401e+005      8.76
  90      0   0.5  2.972187e+005      9.40
  90      5   0.5  2.973839e+005      9.28
  90     10   0.5  2.972964e+005      9.16
  90     15   0.5  2.970158e+005      9.06
  90    100   0.5  2.948651e+005      8.79
  90      0   1.0  2.974325e+005      9.43
  90      5   1.0  2.976155e+005      9.30
  90     10   1.0  2.975438e+005      9.19
  90     15   1.0  2.972770e+005      9.09
  90    100   1.0  2.951796e+005      8.82
  90      0   1.5  2.976387e+005      9.46
  90      5   1.5  2.978390e+005      9.33
  90     10   1.5  2.977828e+005      9.22
  90     15   1.5  2.975297e+005      9.11
  90    100   1.5  2.954843e+005      8.85
  90      0   2.0  2.978375e+005      9.48
  90      5   2.0  2.980550e+005      9.36
  90     10   2.0  2.980140e+005      9.24
  90     15   2.0  2.977742e+005      9.14
  90    100   2.0  2.957793e+005      8.88
  90      0   2.5  2.980291e+005      9.51
  90      5   2.5  2.982637e+005      9.38
  90     10   2.5  2.982374e+005      9.27
  90     15   2.5  2.980109e+005      9.17
  90    100   2.5  2.960649e+005      8.91
  90      0   3.0  2.982141e+005      9.53
  90      5   3.0  2.984651e+005      9.41
  90     10   3.0  2.984536e+005      9.29
  90     15   3.0  2.982398e+005      9.19
  90    100   3.0  2.963418e+005      8.94
  90      0   3.5  2.983926e+005      9.56
  90      5   3.5  2.986599e+005      9.43
  90     10   3.5  2.986627e+005      9.32
  90     15   3.5  2.984616e+005      9.22
  90    100   3.5  2.966101e+005      8.96
  90      0   4.0  2.985646e+005      9.58
  90      5   4.0  2.988481e+005      9.46
  90     10   4.0  2.988652e+005      9.34
  90     15   4.0  2.986765e+005      9.24
  90    100   4.0  2.968702e+005      8.99
  90      0   4.5  2.987308e+005      9.61
  90      5   4.5  2.990301e+005      9.48
  90     10   4.5  2.990610e+005      9.37
  90     15   4.5  2.988847e+005      9.27
  90    100   4.5  2.971223e+005      9.02
  90      0   5.0  2.988910e+005      9.63
  90      5   5.0  2.992060e+005      9.51
  90     10   5.0  2.992505e+005      9.39
  90     15   5.0  2.990860e+005      9.29
  90    100   5.0  2.973669e+005      9.05
  95      0   0.0  2.954857e+005      9.77
  95      5   0.0  2.960403e+005      9.64
  95     10   0.0  2.963262e+005      9.53
  95     15   0.0  2.963632e+005      9.43
  95    100   0.0  2.947614e+005      9.14
  95      0   0.5  2.956510e+005      9.80
  95      5   0.5  2.962232e+005      9.67
  95     10   0.5  2.965248e+005      9.56
  95     15   0.5  2.965758e+005      9.46
  95    100   0.5  2.950263e+005      9.17
  95      0   1.0  2.958090e+005      9.82
  95      5   1.0  2.963988e+005      9.70
  95     10   1.0  2.967159e+005      9.58
  95     15   1.0  2.967802e+005      9.48
  95    100   1.0  2.952814e+005      9.20
  95      0   1.5  2.959605e+005      9.85
  95      5   1.5  2.965672e+005      9.73
  95     10   1.5  2.968997e+005      9.61
  95     15   1.5  2.969772e+005      9.51
  95    100   1.5  2.955278e+005      9.23
  95      0   2.0  2.961053e+005      9.88
  95      5   2.0  2.967289e+005      9.75
  95     10   2.0  2.970763e+005      9.64
  95     15   2.0  2.971669e+005      9.54
  95    100   2.0  2.957653e+005      9.26
  95      0   2.5  2.962442e+005      9.90
  95      5   2.5  2.968841e+005      9.78
  95     10   2.5  2.972463e+005      9.66
  95     15   2.5  2.973496e+005      9.56
  95    100   2.5  2.959945e+005      9.29
  95      0   3.0  2.963768e+005      9.93
  95      5   3.0  2.970331e+005      9.80
  95     10   3.0  2.974098e+005      9.69
  95     15   3.0  2.975255e+005      9.59
  95    100   3.0  2.962158e+005      9.32
  95      0   3.5  2.965038e+005      9.95
  95      5   3.5  2.971760e+005      9.83
  95     10   3.5  2.975668e+005      9.71
  95     15   3.5  2.976949e+005      9.61
  95    100   3.5  2.964291e+005      9.34
  95      0   4.0  2.966253e+005      9.98
  95      5   4.0  2.973132e+005      9.85
  95     10   4.0  2.977181e+005      9.74
  95     15   4.0  2.978580e+005      9.64
  95    100   4.0  2.966353e+005      9.37
  95      0   4.5  2.967415e+005     10.00
  95      5   4.5  2.974449e+005      9.88
  95     10   4.5  2.978635e+005      9.76
  95     15   4.5  2.980152e+005      9.66
  95    100   4.5  2.968340e+005      9.40
  95      0   5.0  2.968526e+005     10.03
  95      5   5.0  2.975714e+005      9.90
  95     10   5.0  2.980034e+005      9.79
  95     15   5.0  2.981667e+005      9.69
  95    100   5.0  2.970261e+005      9.42
 100      0   0.0  2.930279e+005     10.13
 100      5   0.0  2.939382e+005     10.01
 100     10   0.0  2.945466e+005      9.90
 100     15   0.0  2.948893e+005      9.79
 100    100   0.0  2.939478e+005      9.49
 100      0   0.5  2.931419e+005     10.16
 100      5   0.5  2.940693e+005     10.04
 100     10   0.5  2.946928e+005      9.92
 100     15   0.5  2.950488e+005      9.82
 100    100   0.5  2.941569e+005      9.52
 100      0   1.0  2.932498e+005     10.19
 100      5   1.0  2.941940e+005     10.06
 100     10   1.0  2.948325e+005      9.95
 100     15   1.0  2.952014e+005      9.85
 100    100   1.0  2.943574e+005      9.55
 100      0   1.5  2.933516e+005     10.22
 100      5   1.5  2.943125e+005     10.09
 100     10   1.5  2.949655e+005      9.98
 100     15   1.5  2.953472e+005      9.88
 100    100   1.5  2.945498e+005      9.58
 100      0   2.0  2.934479e+005     10.24
 100      5   2.0  2.944248e+005     10.12
 100     10   2.0  2.950923e+005     10.00
 100     15   2.0  2.954866e+005      9.90
 100    100   2.0  2.947342e+005      9.61
 100      0   2.5  2.935386e+005     10.27
 100      5   2.5  2.945315e+005     10.14
 100     10   2.5  2.952131e+005     10.03
 100     15   2.5  2.956196e+005      9.93
 100    100   2.5  2.949112e+005      9.64
 100      0   3.0  2.936241e+005     10.29
 100      5   3.0  2.946328e+005     10.17
 100     10   3.0  2.953283e+005     10.06
 100     15   3.0  2.957468e+005      9.96
 100    100   3.0  2.950810e+005      9.67
 100      0   3.5  2.937045e+005     10.32
 100      5   3.5  2.947289e+005     10.19
 100     10   3.5  2.954378e+005     10.08
 100     15   3.5  2.958682e+005      9.98
 100    100   3.5  2.952438e+005      9.69
 100      0   4.0  2.937803e+005     10.34
 100      5   4.0  2.948200e+005     10.22
 100     10   4.0  2.955421e+005     10.11
 100     15   4.0  2.959840e+005     10.01
 100    100   4.0  2.953999e+005      9.72
 100      0   4.5  2.938514e+005     10.37
 100      5   4.5  2.949061e+005     10.24
 100     10   4.5  2.956414e+005     10.13
 100     15   4.5  2.960946e+005     10.03
 100    100   4.5  2.955498e+005      9.75
 100      0   5.0  2.939182e+005     10.39
 100      5   5.0  2.949876e+005     10.27
 100     10   5.0  2.957358e+005     10.15
 100     15   5.0  2.962001e+005     10.05
 100    100   5.0  2.956933e+005      9.77
 105      0   0.0  2.896540e+005     10.49
 105      5   0.0  2.908963e+005     10.36
 105     10   0.0  2.918291e+005     10.25
 105     15   0.0  2.924525e+005     10.14
 105    100   0.0  2.922229e+005      9.82
 105      0   0.5  2.897198e+005     10.52
 105      5   0.5  2.909787e+005     10.39
 105     10   0.5  2.919264e+005     10.28
 105     15   0.5  2.925625e+005     10.17
 105    100   0.5  2.923794e+005      9.86
 105      0   1.0  2.897803e+005     10.54
 105      5   1.0  2.910552e+005     10.42
 105     10   1.0  2.920175e+005     10.30
 105     15   1.0  2.926663e+005     10.20
 105    100   1.0  2.925282e+005      9.89
 105      0   1.5  2.898356e+005     10.57
 105      5   1.5  2.911267e+005     10.44
 105     10   1.5  2.921030e+005     10.33
 105     15   1.5  2.927640e+005     10.23
 105    100   1.5  2.926696e+005      9.92
 105      0   2.0  2.898857e+005     10.60
 105      5   2.0  2.911926e+005     10.47
 105     10   2.0  2.921830e+005     10.36
 105     15   2.0  2.928561e+005     10.25
 105    100   2.0  2.928040e+005      9.94
 105      0   2.5  2.899312e+005     10.62
 105      5   2.5  2.912536e+005     10.50
 105     10   2.5  2.922578e+005     10.38
 105     15   2.5  2.929425e+005     10.28
 105    100   2.5  2.929318e+005      9.97
 105      0   3.0  2.899723e+005     10.65
 105      5   3.0  2.913099e+005     10.52
 105     10   3.0  2.923277e+005     10.41
 105     15   3.0  2.930239e+005     10.31
 105    100   3.0  2.930531e+005     10.00
 105      0   3.5  2.900090e+005     10.67
 105      5   3.5  2.913616e+005     10.55
 105     10   3.5  2.923925e+005     10.43
 105     15   3.5  2.931002e+005     10.33
 105    100   3.5  2.931680e+005     10.03
 105      0   4.0  2.900415e+005     10.70
 105      5   4.0  2.914089e+005     10.57
 105     10   4.0  2.924530e+005     10.46
 105     15   4.0  2.931717e+005     10.36
 105    100   4.0  2.932772e+005     10.06
 105      0   4.5  2.900701e+005     10.72
 105      5   4.5  2.914520e+005     10.59
 105     10   4.5  2.925088e+005     10.48
 105     15   4.5  2.932384e+005     10.38
 105    100   4.5  2.933806e+005     10.08
 105      0   5.0  2.900948e+005     10.75
 105      5   5.0  2.914911e+005     10.62
 105     10   5.0  2.925606e+005     10.50
 105     15   5.0  2.933009e+005     10.40
 105    100   5.0  2.934784e+005     10.11
 110      0   0.0  2.856901e+005     10.83
 110      5   0.0  2.872243e+005     10.70
 110     10   0.0  2.884265e+005     10.59
 110     15   0.0  2.893113e+005     10.48
 110    100   0.0  2.898149e+005     10.15
 110      0   0.5  2.857123e+005     10.86
 110      5   0.5  2.872624e+005     10.73
 110     10   0.5  2.884787e+005     10.61
 110     15   0.5  2.893758e+005     10.51
 110    100   0.5  2.899229e+005     10.18
 110      0   1.0  2.857298e+005     10.89
 110      5   1.0  2.872954e+005     10.76
 110     10   1.0  2.885255e+005     10.64
 110     15   1.0  2.894347e+005     10.54
 110    100   1.0  2.900239e+005     10.21
 110      0   1.5  2.857429e+005     10.91
 110      5   1.5  2.873239e+005     10.78
 110     10   1.5  2.885676e+005     10.67
 110     15   1.5  2.894884e+005     10.56
 110    100   1.5  2.901185e+005     10.24
 110      0   2.0  2.857518e+005     10.94
 110      5   2.0  2.873477e+005     10.81
 110     10   2.0  2.886048e+005     10.69
 110     15   2.0  2.895371e+005     10.59
 110    100   2.0  2.902067e+005     10.27
 110      0   2.5  2.857566e+005     10.97
 110      5   2.5  2.873673e+005     10.84
 110     10   2.5  2.886375e+005     10.72
 110     15   2.5  2.895811e+005     10.62
 110    100   2.5  2.902891e+005     10.29
 110      0   3.0  2.857574e+005     10.99
 110      5   3.0  2.873828e+005     10.86
 110     10   3.0  2.886656e+005     10.75
 110     15   3.0  2.896205e+005     10.64
 110    100   3.0  2.903655e+005     10.32
 110      0   3.5  2.857548e+005     11.02
 110      5   3.5  2.873942e+005     10.89
 110     10   3.5  2.886900e+005     10.77
 110     15   3.5  2.896554e+005     10.67
 110    100   3.5  2.904366e+005     10.35
 110      0   4.0  2.857486e+005     11.04
 110      5   4.0  2.874022e+005     10.91
 110     10   4.0  2.887102e+005     10.79
 110     15   4.0  2.896862e+005     10.69
 110    100   4.0  2.905024e+005     10.38
 110      0   4.5  2.857390e+005     11.07
 110      5   4.5  2.874064e+005     10.94
 110     10   4.5  2.887265e+005     10.82
 110     15   4.5  2.897131e+005     10.72
 110    100   4.5  2.905631e+005     10.40
 110      0   5.0  2.857261e+005     11.09
 110      5   5.0  2.874071e+005     10.96
 110     10   5.0  2.887392e+005     10.84
 110     15   5.0  2.897359e+005     10.74
 110    100   5.0  2.906191e+005     10.43
 115      0   0.0  2.813040e+005     11.17
 115      5   0.0  2.830392e+005     11.04
 115     10   0.0  2.844826e+005     10.92
 115     15   0.0  2.856022e+005     10.81
 115    100   0.0  2.868421e+005     10.46
 115      0   0.5  2.812874e+005     11.20
 115      5   0.5  2.830371e+005     11.06
 115     10   0.5  2.844938e+005     10.94
 115     15   0.5  2.856251e+005     10.84
 115    100   0.5  2.869052e+005     10.49
 115      0   1.0  2.812668e+005     11.22
 115      5   1.0  2.830307e+005     11.09
 115     10   1.0  2.845005e+005     10.97
 115     15   1.0  2.856431e+005     10.86
 115    100   1.0  2.869623e+005     10.52
 115      0   1.5  2.812425e+005     11.25
 115      5   1.5  2.830204e+005     11.12
 115     10   1.5  2.845029e+005     11.00
 115     15   1.5  2.856567e+005     10.89
 115    100   1.5  2.870136e+005     10.55
 115      0   2.0  2.812145e+005     11.28
 115      5   2.0  2.830061e+005     11.14
 115     10   2.0  2.845013e+005     11.02
 115     15   2.0  2.856658e+005     10.92
 115    100   2.0  2.870593e+005     10.58
 115      0   2.5  2.811833e+005     11.30
 115      5   2.5  2.829882e+005     11.17
 115     10   2.5  2.844956e+005     11.05
 115     15   2.5  2.856709e+005     10.94
 115    100   2.5  2.870998e+005     10.61
 115      0   3.0  2.811485e+005     11.33
 115      5   3.0  2.829669e+005     11.20
 115     10   3.0  2.844862e+005     11.08
 115     15   3.0  2.856721e+005     10.97
 115    100   3.0  2.871350e+005     10.63
 115      0   3.5  2.811106e+005     11.35
 115      5   3.5  2.829422e+005     11.22
 115     10   3.5  2.844734e+005     11.10
 115     15   3.5  2.856695e+005     10.99
 115    100   3.5  2.871656e+005     10.66
 115      0   4.0  2.810702e+005     11.38
 115      5   4.0  2.829143e+005     11.24
 115     10   4.0  2.844572e+005     11.12
 115     15   4.0  2.856633e+005     11.02
 115    100   4.0  2.871917e+005     10.69
 115      0   4.5  2.810265e+005     11.40
 115      5   4.5  2.828835e+005     11.27
 115     10   4.5  2.844377e+005     11.15
 115     15   4.5  2.856536e+005     11.04
 115    100   4.5  2.872131e+005     10.72
 115      0   5.0  2.809805e+005     11.42
 115      5   5.0  2.828496e+005     11.29
 115     10   5.0  2.844152e+005     11.17
 115     15   5.0  2.856406e+005     11.07
 115    100   5.0  2.872305e+005     10.74
 120      0   0.0  2.766754e+005     11.49
 120      5   0.0  2.786102e+005     11.36
 120     10   0.0  2.802266e+005     11.23
 120     15   0.0  2.815371e+005     11.13
 120    100   0.0  2.835071e+005     10.76
 120      0   0.5  2.766249e+005     11.52
 120      5   0.5  2.785731e+005     11.38
 120     10   0.5  2.802017e+005     11.26
 120     15   0.5  2.815230e+005     11.15
 120    100   0.5  2.835299e+005     10.79
 120      0   1.0  2.765711e+005     11.54
 120      5   1.0  2.785323e+005     11.41
 120     10   1.0  2.801728e+005     11.29
 120     15   1.0  2.815047e+005     11.18
 120    100   1.0  2.835476e+005     10.82
 120      0   1.5  2.765141e+005     11.57
 120      5   1.5  2.784883e+005     11.44
 120     10   1.5  2.801404e+005     11.32
 120     15   1.5  2.814826e+005     11.21
 120    100   1.5  2.835601e+005     10.85
 120      0   2.0  2.764541e+005     11.60
 120      5   2.0  2.784409e+005     11.46
 120     10   2.0  2.801045e+005     11.34
 120     15   2.0  2.814568e+005     11.23
 120    100   2.0  2.835677e+005     10.88
 120      0   2.5  2.763913e+005     11.62
 120      5   2.5  2.783905e+005     11.49
 120     10   2.5  2.800653e+005     11.37
 120     15   2.5  2.814274e+005     11.26
 120    100   2.5  2.835706e+005     10.91
 120      0   3.0  2.763257e+005     11.65
 120      5   3.0  2.783371e+005     11.51
 120     10   3.0  2.800228e+005     11.39
 120     15   3.0  2.813945e+005     11.29
 120    100   3.0  2.835693e+005     10.93
 120      0   3.5  2.762577e+005     11.67
 120      5   3.5  2.782810e+005     11.54
 120     10   3.5  2.799776e+005     11.42
 120     15   3.5  2.813586e+005     11.31
 120    100   3.5  2.835636e+005     10.96
 120      0   4.0  2.761869e+005     11.70
 120      5   4.0  2.782223e+005     11.56
 120     10   4.0  2.799293e+005     11.44
 120     15   4.0  2.813197e+005     11.34
 120    100   4.0  2.835538e+005     10.99
 120      0   4.5  2.761142e+005     11.72
 120      5   4.5  2.781611e+005     11.59
 120     10   4.5  2.798782e+005     11.47
 120     15   4.5  2.812778e+005     11.36
 120    100   4.5  2.835404e+005     11.02
 120      0   5.0  2.760393e+005     11.74
 120      5   5.0  2.780973e+005     11.61
 120     10   5.0  2.798248e+005     11.49
 120     15   5.0  2.812332e+005     11.38
 120    100   5.0  2.835233e+005     11.04
 125      0   0.0  2.717816e+005     11.81
 125      5   0.0  2.738769e+005     11.67
 125     10   0.0  2.756718e+005     11.55
 125     15   0.0  2.771485e+005     11.44
 125    100   0.0  2.798177e+005     11.05
 125      0   0.5  2.717011e+005     11.83
 125      5   0.5  2.738085e+005     11.70
 125     10   0.5  2.756145e+005     11.57
 125     15   0.5  2.771012e+005     11.46
 125    100   0.5  2.798043e+005     11.08
 125      0   1.0  2.716177e+005     11.86
 125      5   1.0  2.737371e+005     11.72
 125     10   1.0  2.755541e+005     11.60
 125     15   1.0  2.770505e+005     11.49
 125    100   1.0  2.797857e+005     11.11
 125      0   1.5  2.715319e+005     11.89
 125      5   1.5  2.736629e+005     11.75
 125     10   1.5  2.754906e+005     11.63
 125     15   1.5  2.769963e+005     11.52
 125    100   1.5  2.797631e+005     11.14
 125      0   2.0  2.714435e+005     11.91
 125      5   2.0  2.735860e+005     11.78
 125     10   2.0  2.754241e+005     11.65
 125     15   2.0  2.769390e+005     11.54
 125    100   2.0  2.797359e+005     11.17
 125      0   2.5  2.713528e+005     11.94
 125      5   2.5  2.735066e+005     11.80
 125     10   2.5  2.753549e+005     11.68
 125     15   2.5  2.768788e+005     11.57
 125    100   2.5  2.797048e+005     11.20
 125      0   3.0  2.712599e+005     11.96
 125      5   3.0  2.734247e+005     11.83
 125     10   3.0  2.752832e+005     11.70
 125     15   3.0  2.768159e+005     11.59
 125    100   3.0  2.796700e+005     11.23
 125      0   3.5  2.711650e+005     11.99
 125      5   3.5  2.733406e+005     11.85
 125     10   3.5  2.752089e+005     11.73
 125     15   3.5  2.767501e+005     11.62
 125    100   3.5  2.796315e+005     11.25
 125      0   4.0  2.710681e+005     12.01
 125      5   4.0  2.732544e+005     11.88
 125     10   4.0  2.751323e+005     11.75
 125     15   4.0  2.766819e+005     11.64
 125    100   4.0  2.795895e+005     11.28
 125      0   4.5  2.709694e+005     12.04
 125      5   4.5  2.731660e+005     11.90
 125     10   4.5  2.750534e+005     11.78
 125     15   4.5  2.766113e+005     11.67
 125    100   4.5  2.795443e+005     11.31
 125      0   5.0  2.708690e+005     12.06
 125      5   5.0  2.730758e+005     11.92
 125     10   5.0  2.749724e+005     11.80
 125     15   5.0  2.765384e+005     11.69
 125    100   5.0  2.794959e+005     11.33
 130      0   0.0  2.667650e+005     12.11
 130      5   0.0  2.691234e+005     11.97
 130     10   0.0  2.710317e+005     11.84
 130     15   0.0  2.726396e+005     11.73
 130    100   0.0  2.759361e+005     11.34
 130      0   0.5  2.666583e+005     12.14
 130      5   0.5  2.690284e+005     12.00
 130     10   0.5  2.709465e+005     11.87
 130     15   0.5  2.725634e+005     11.76
 130    100   0.5  2.758902e+005     11.37
 130      0   1.0  2.665493e+005     12.16
 130      5   1.0  2.689311e+005     12.02
 130     10   1.0  2.708591e+005     11.90
 130     15   1.0  2.724844e+005     11.79
 130    100   1.0  2.758401e+005     11.40
 130      0   1.5  2.664382e+005     12.19
 130      5   1.5  2.688312e+005     12.05
 130     10   1.5  2.707687e+005     11.93
 130     15   1.5  2.724025e+005     11.81
 130    100   1.5  2.757858e+005     11.43
 130      0   2.0  2.663253e+005     12.22
 130      5   2.0  2.687293e+005     12.07
 130     10   2.0  2.706761e+005     11.95
 130     15   2.0  2.723183e+005     11.84
 130    100   2.0  2.757283e+005     11.45
 130      0   2.5  2.662104e+005     12.24
 130      5   2.5  2.686253e+005     12.10
 130     10   2.5  2.705812e+005     11.98
 130     15   2.5  2.722315e+005     11.87
 130    100   2.5  2.756672e+005     11.48
 130      0   3.0  2.660939e+005     12.27
 130      5   3.0  2.685193e+005     12.13
 130     10   3.0  2.704841e+005     12.00
 130     15   3.0  2.721423e+005     11.89
 130    100   3.0  2.756028e+005     11.51
 130      0   3.5  2.659757e+005     12.29
 130      5   3.5  2.684115e+005     12.15
 130     10   3.5  2.703852e+005     12.03
 130     15   3.5  2.720509e+005     11.92
 130    100   3.5  2.755353e+005     11.54
 130      0   4.0  2.658560e+005     12.32
 130      5   4.0  2.683022e+005     12.17
 130     10   4.0  2.702842e+005     12.05
 130     15   4.0  2.719575e+005     11.94
 130    100   4.0  2.754649e+005     11.56
 130      0   4.5  2.657349e+005     12.34
 130      5   4.5  2.681910e+005     12.20
 130     10   4.5  2.701814e+005     12.08
 130     15   4.5  2.718622e+005     11.96
 130    100   4.5  2.753918e+005     11.59
 130      0   5.0  2.656124e+005     12.36
 130      5   5.0  2.680784e+005     12.22
 130     10   5.0  2.700771e+005     12.10
 130     15   5.0  2.717649e+005     11.99
 130    100   5.0  2.753159e+005     11.62
 135      0   0.0  2.619813e+005     12.39
 135      5   0.0  2.641719e+005     12.26
 135     10   0.0  2.662165e+005     12.14
 135     15   0.0  2.679503e+005     12.02
 135    100   0.0  2.719058e+005     11.61
 135      0   0.5  2.618533e+005     12.42
 135      5   0.5  2.640530e+005     12.29
 135     10   0.5  2.661066e+005     12.16
 135     15   0.5  2.678487e+005     12.05
 135    100   0.5  2.718309e+005     11.64
 135      0   1.0  2.617233e+005     12.44
 135      5   1.0  2.639323e+005     12.32
 135     10   1.0  2.659947e+005     12.19
 135     15   1.0  2.677445e+005     12.08
 135    100   1.0  2.717525e+005     11.67
 135      0   1.5  2.615918e+005     12.47
 135      5   1.5  2.638095e+005     12.34
 135     10   1.5  2.658807e+005     12.22
 135     15   1.5  2.676382e+005     12.10
 135    100   1.5  2.716709e+005     11.70
 135      0   2.0  2.614588e+005     12.50
 135      5   2.0  2.636852e+005     12.37
 135     10   2.0  2.657648e+005     12.24
 135     15   2.0  2.675296e+005     12.13
 135    100   2.0  2.715860e+005     11.73
 135      0   2.5  2.613243e+005     12.52
 135      5   2.5  2.635591e+005     12.39
 135     10   2.5  2.656469e+005     12.27
 135     15   2.5  2.674191e+005     12.15
 135    100   2.5  2.714984e+005     11.76
 135      0   3.0  2.611885e+005     12.55
 135      5   3.0  2.634317e+005     12.42
 135     10   3.0  2.655277e+005     12.29
 135     15   3.0  2.673068e+005     12.18
 135    100   3.0  2.714079e+005     11.78
 135      0   3.5  2.610514e+005     12.57
 135      5   3.5  2.633028e+005     12.44
 135     10   3.5  2.654067e+005     12.32
 135     15   3.5  2.671927e+005     12.21
 135    100   3.5  2.713147e+005     11.81
 135      0   4.0  2.609132e+005     12.59
 135      5   4.0  2.631726e+005     12.47
 135     10   4.0  2.652843e+005     12.34
 135     15   4.0  2.670771e+005     12.23
 135    100   4.0  2.712192e+005     11.84
 135      0   4.5  2.607741e+005     12.62
 135      5   4.5  2.630413e+005     12.49
 135     10   4.5  2.651605e+005     12.37
 135     15   4.5  2.669598e+005     12.25
 135    100   4.5  2.711214e+005     11.86
 135      0   5.0  2.606339e+005     12.64
 135      5   5.0  2.629086e+005     12.51
 135     10   5.0  2.650353e+005     12.39
 135     15   5.0  2.668410e+005     12.28
 135    100   5.0  2.710213e+005     11.89
 140      0   0.0  2.591702e+005     12.56
 140      5   0.0  2.605139e+005     12.48
 140     10   0.0  2.623461e+005     12.37
 140     15   0.0  2.640954e+005     12.26
 140    100   0.0  2.684944e+005     11.84
 140      0   0.5  2.590317e+005     12.59
 140      5   0.5  2.603801e+005     12.51
 140     10   0.5  2.622194e+005     12.40
 140     15   0.5  2.639759e+005     12.29
 140    100   0.5  2.683982e+005     11.87
 140      0   1.0  2.588915e+005     12.62
 140      5   1.0  2.602446e+005     12.53
 140     10   1.0  2.620909e+005     12.42
 140     15   1.0  2.638541e+005     12.31
 140    100   1.0  2.682991e+005     11.90
 140      0   1.5  2.587501e+005     12.64
 140      5   1.5  2.601078e+005     12.56
 140     10   1.5  2.619607e+005     12.45
 140     15   1.5  2.637306e+005     12.34
 140    100   1.5  2.681974e+005     11.93
 140      0   2.0  2.586075e+005     12.67
 140      5   2.0  2.599695e+005     12.59
 140     10   2.0  2.618292e+005     12.48
 140     15   2.0  2.636054e+005     12.37
 140    100   2.0  2.680928e+005     11.96
 140      0   2.5  2.584636e+005     12.69
 140      5   2.5  2.598298e+005     12.61
 140     10   2.5  2.616959e+005     12.50
 140     15   2.5  2.634788e+005     12.39
 140    100   2.5  2.679859e+005     11.98
 140      0   3.0  2.583189e+005     12.72
 140      5   3.0  2.596893e+005     12.64
 140     10   3.0  2.615613e+005     12.53
 140     15   3.0  2.633505e+005     12.42
 140    100   3.0  2.678765e+005     12.01
 140      0   3.5  2.581729e+005     12.74
 140      5   3.5  2.595476e+005     12.66
 140     10   3.5  2.614257e+005     12.55
 140     15   3.5  2.632207e+005     12.44
 140    100   3.5  2.677650e+005     12.04
 140      0   4.0  2.580262e+005     12.77
 140      5   4.0  2.594046e+005     12.68
 140     10   4.0  2.612889e+005     12.57
 140     15   4.0  2.630896e+005     12.47
 140    100   4.0  2.676511e+005     12.07
 140      0   4.5  2.578786e+005     12.79
 140      5   4.5  2.592608e+005     12.71
 140     10   4.5  2.611509e+005     12.60
 140     15   4.5  2.629574e+005     12.49
 140    100   4.5  2.675356e+005     12.09
 140      0   5.0  2.577302e+005     12.81
 140      5   5.0  2.591161e+005     12.73
 140     10   5.0  2.610118e+005     12.62
 140     15   5.0  2.628239e+005     12.51
 140    100   5.0  2.674180e+005     12.12
