  30      0   0.0  1.183011e+005      2.09
  30      5   0.0  1.147616e+005      2.01
  30     10   0.0  1.134436e+005      1.98
  30     15   0.0  1.129249e+005      1.96
  30    100   0.0  1.129645e+005      1.96
  30      0   0.5  1.186326e+005      2.10
  30      5   0.5  1.151349e+005      2.02
  30     10   0.5  1.138551e+005      1.99
  30     15   0.5  1.133571e+005      1.97
  30    100   0.5  1.134162e+005      1.97
  30      0   1.0  1.189542e+005      2.11
  30      5   1.0  1.154991e+005      2.03
  30     10   1.0  1.142576e+005      2.00
  30     15   1.0  1.137799e+005      1.99
  30    100   1.0  1.138570e+005      1.99
  30      0   1.5  1.192664e+005      2.12
  30      5   1.5  1.158546e+005      2.04
  30     10   1.5  1.146512e+005      2.01
  30     15   1.5  1.141932e+005      2.00
  30    100   1.5  1.142873e+005      2.00
  30      0   2.0  1.195695e+005      2.13
  30      5   2.0  1.162016e+005      2.05
  30     10   2.0  1.150359e+005      2.02
  30     15   2.0  1.145973e+005      2.00
  30    100   2.0  1.147071e+005      2.01
  30      0   2.5  1.198638e+005      2.13
  30      5   2.5  1.165402e+005      2.05
  30     10   2.5  1.154119e+005      2.03
  30     15   2.5  1.149922e+005      2.01
  30    100   2.5  1.151167e+005      2.02
  30      0   3.0  1.201495e+005      2.14
  30      5   3.0  1.168706e+005      2.06
  30     10   3.0  1.157793e+005      2.03
  30     15   3.0  1.153780e+005      2.02
  30    100   3.0  1.155161e+005      2.03
  30      0   3.5  1.204271e+005      2.15
  30      5   3.5  1.171931e+005      2.07
  30     10   3.5  1.161383e+005      2.04
  30     15   3.5  1.157550e+005      2.03
  30    100   3.5  1.159057e+005      2.04
  30      0   4.0  1.206967e+005      2.16
  30      5   4.0  1.175079e+005      2.08
  30     10   4.0  1.164890e+005      2.05
  30     15   4.0  1.161232e+005      2.04
  30    100   4.0  1.162855e+005      2.05
  30      0   4.5  1.209586e+005      2.16
  30      5   4.5  1.178151e+005      2.09
  30     10   4.5  1.168316e+005      2.06
  30     15   4.5  1.164827e+005      2.05
  30    100   4.5  1.166557e+005      2.05
  30      0   5.0  1.212131e+005      2.17
  30      5   5.0  1.181149e+005      2.09
  30     10   5.0  1.171662e+005      2.07
  30     15   5.0  1.168337e+005      2.06
  30    100   5.0  1.170166e+005      2.06
  35      0   0.0  1.451185e+005      2.71
  35      5   0.0  1.427985e+005      2.66
  35     10   0.0  1.413224e+005      2.62
  35     15   0.0  1.406935e+005      2.61
  35    100   0.0  1.408014e+005      2.61
  35      0   0.5  1.454667e+005      2.72
  35      5   0.5  1.431460e+005      2.67
  35     10   0.5  1.416816e+005      2.63
  35     15   0.5  1.410680e+005      2.62
  35    100   0.5  1.411913e+005      2.62
  35      0   1.0  1.458059e+005      2.73
  35      5   1.0  1.434847e+005      2.68
  35     10   1.0  1.420317e+005      2.64
  35     15   1.0  1.414331e+005      2.63
  35    100   1.0  1.415707e+005      2.63
  35      0   1.5  1.461366e+005      2.74
  35      5   1.5  1.438149e+005      2.69
  35     10   1.5  1.423732e+005      2.65
  35     15   1.5  1.417892e+005      2.63
  35    100   1.5  1.419399e+005      2.64
  35      0   2.0  1.464591e+005      2.75
  35      5   2.0  1.441370e+005      2.69
  35     10   2.0  1.427065e+005      2.66
  35     15   2.0  1.421366e+005      2.64
  35    100   2.0  1.422995e+005      2.65
  35      0   2.5  1.467738e+005      2.76
  35      5   2.5  1.444512e+005      2.70
  35     10   2.5  1.430318e+005      2.67
  35     15   2.5  1.424757e+005      2.65
  35    100   2.5  1.426498e+005      2.66
  35      0   3.0  1.470810e+005      2.77
  35      5   3.0  1.447581e+005      2.71
  35     10   3.0  1.433496e+005      2.68
  35     15   3.0  1.428069e+005      2.66
  35    100   3.0  1.429914e+005      2.66
  35      0   3.5  1.473809e+005      2.77
  35      5   3.5  1.450577e+005      2.72
  35     10   3.5  1.436601e+005      2.68
  35     15   3.5  1.431305e+005      2.67
  35    100   3.5  1.433245e+005      2.67
  35      0   4.0  1.476739e+005      2.78
  35      5   4.0  1.453505e+005      2.73
  35     10   4.0  1.439636e+005      2.69
  35     15   4.0  1.434467e+005      2.68
  35    100   4.0  1.436496e+005      2.68
  35      0   4.5  1.479602e+005      2.79
  35      5   4.5  1.456367e+005      2.73
  35     10   4.5  1.442605e+005      2.70
  35     15   4.5  1.437560e+005      2.69
  35    100   4.5  1.439669e+005      2.69
  35      0   5.0  1.482401e+005      2.80
  35      5   5.0  1.459166e+005      2.74
  35     10   5.0  1.445510e+005      2.71
  35     15   5.0  1.440584e+005      2.69
  35    100   5.0  1.442770e+005      2.70
  40      0   0.0  1.729667e+005      3.39
  40      5   0.0  1.681722e+005      3.27
  40     10   0.0  1.658692e+005      3.21
  40     15   0.0  1.646855e+005      3.18
  40    100   0.0  1.642461e+005      3.16
  40      0   0.5  1.734889e+005      3.40
  40      5   0.5  1.686656e+005      3.28
  40     10   0.5  1.663672e+005      3.22
  40     15   0.5  1.651976e+005      3.19
  40    100   0.5  1.647810e+005      3.18
  40      0   1.0  1.740002e+005      3.41
  40      5   1.0  1.691488e+005      3.29
  40     10   1.0  1.668553e+005      3.24
  40     15   1.0  1.656999e+005      3.20
  40    100   1.0  1.653051e+005      3.19
  40      0   1.5  1.745011e+005      3.43
  40      5   1.5  1.696222e+005      3.31
  40     10   1.5  1.673338e+005      3.25
  40     15   1.5  1.661926e+005      3.22
  40    100   1.5  1.658188e+005      3.21
  40      0   2.0  1.749919e+005      3.44
  40      5   2.0  1.700861e+005      3.32
  40     10   2.0  1.678033e+005      3.26
  40     15   2.0  1.666762e+005      3.23
  40    100   2.0  1.663224e+005      3.22
  40      0   2.5  1.754729e+005      3.46
  40      5   2.5  1.705408e+005      3.33
  40     10   2.5  1.682638e+005      3.27
  40     15   2.5  1.671510e+005      3.24
  40    100   2.5  1.668165e+005      3.23
  40      0   3.0  1.759445e+005      3.47
  40      5   3.0  1.709868e+005      3.35
  40     10   3.0  1.687159e+005      3.29
  40     15   3.0  1.676173e+005      3.26
  40    100   3.0  1.673012e+005      3.25
  40      0   3.5  1.764070e+005      3.48
  40      5   3.5  1.714243e+005      3.36
  40     10   3.5  1.691598e+005      3.30
  40     15   3.5  1.680753e+005      3.27
  40    100   3.5  1.677770e+005      3.26
  40      0   4.0  1.768607e+005      3.49
  40      5   4.0  1.718536e+005      3.37
  40     10   4.0  1.695958e+005      3.31
  40     15   4.0  1.685254e+005      3.28
  40    100   4.0  1.682443e+005      3.27
  40      0   4.5  1.773059e+005      3.51
  40      5   4.5  1.722749e+005      3.38
  40     10   4.5  1.700241e+005      3.32
  40     15   4.5  1.689678e+005      3.29
  40    100   4.5  1.687032e+005      3.28
  40      0   5.0  1.777428e+005      3.52
  40      5   5.0  1.726887e+005      3.39
  40     10   5.0  1.704450e+005      3.33
  40     15   5.0  1.694029e+005      3.31
  40    100   5.0  1.691540e+005      3.30
  45      0   0.0  2.010163e+005      4.12
  45      5   0.0  1.977494e+005      4.03
  45     10   0.0  1.951495e+005      3.96
  45     15   0.0  1.934104e+005      3.91
  45    100   0.0  1.922821e+005      3.87
  45      0   0.5  2.016107e+005      4.14
  45      5   0.5  1.983450e+005      4.05
  45     10   0.5  1.957579e+005      3.98
  45     15   0.5  1.940403e+005      3.93
  45    100   0.5  1.929516e+005      3.89
  45      0   1.0  2.021908e+005      4.16
  45      5   1.0  1.989266e+005      4.07
  45     10   1.0  1.963524e+005      3.99
  45     15   1.0  1.946561e+005      3.95
  45    100   1.0  1.936061e+005      3.91
  45      0   1.5  2.027572e+005      4.17
  45      5   1.5  1.994945e+005      4.08
  45     10   1.5  1.969335e+005      4.01
  45     15   1.5  1.952585e+005      3.96
  45    100   1.5  1.942460e+005      3.93
  45      0   2.0  2.033102e+005      4.19
  45      5   2.0  2.000494e+005      4.10
  45     10   2.0  1.975016e+005      4.03
  45     15   2.0  1.958480e+005      3.98
  45    100   2.0  1.948718e+005      3.95
  45      0   2.5  2.038506e+005      4.21
  45      5   2.5  2.005917e+005      4.12
  45     10   2.5  1.980572e+005      4.05
  45     15   2.5  1.964249e+005      4.00
  45    100   2.5  1.954839e+005      3.97
  45      0   3.0  2.043786e+005      4.22
  45      5   3.0  2.011217e+005      4.13
  45     10   3.0  1.986007e+005      4.06
  45     15   3.0  1.969896e+005      4.02
  45    100   3.0  1.960829e+005      3.99
  45      0   3.5  2.048947e+005      4.24
  45      5   3.5  2.016400e+005      4.15
  45     10   3.5  1.991325e+005      4.08
  45     15   3.5  1.975426e+005      4.03
  45    100   3.5  1.966691e+005      4.00
  45      0   4.0  2.053993e+005      4.26
  45      5   4.0  2.021468e+005      4.17
  45     10   4.0  1.996529e+005      4.09
  45     15   4.0  1.980841e+005      4.05
  45    100   4.0  1.972429e+005      4.02
  45      0   4.5  2.058928e+005      4.27
  45      5   4.5  2.026426e+005      4.18
  45     10   4.5  2.001625e+005      4.11
  45     15   4.5  1.986146e+005      4.06
  45    100   4.5  1.978047e+005      4.04
  45      0   5.0  2.063755e+005      4.29
  45      5   5.0  2.031278e+005      4.20
  45     10   5.0  2.006614e+005      4.12
  45     15   5.0  1.991343e+005      4.08
  45    100   5.0  1.983548e+005      4.05
  50      0   0.0  2.221129e+005      4.73
  50      5   0.0  2.185259e+005      4.62
  50     10   0.0  2.159848e+005      4.55
  50     15   0.0  2.141678e+005      4.49
  50    100   0.0  2.123313e+005      4.43
  50      0   0.5  2.227498e+005      4.75
  50      5   0.5  2.191562e+005      4.64
  50     10   0.5  2.166216e+005      4.57
  50     15   0.5  2.148184e+005      4.51
  50    100   0.5  2.130314e+005      4.45
  50      0   1.0  2.233716e+005      4.77
  50      5   1.0  2.197715e+005      4.66
  50     10   1.0  2.172434e+005      4.59
  50     15   1.0  2.154541e+005      4.53
  50    100   1.0  2.137153e+005      4.47
  50      0   1.5  2.239789e+005      4.79
  50      5   1.5  2.203724e+005      4.68
  50     10   1.5  2.178509e+005      4.61
  50     15   1.5  2.160755e+005      4.55
  50    100   1.5  2.143833e+005      4.50
  50      0   2.0  2.245722e+005      4.81
  50      5   2.0  2.209595e+005      4.70
  50     10   2.0  2.184445e+005      4.63
  50     15   2.0  2.166828e+005      4.57
  50    100   2.0  2.150362e+005      4.52
  50      0   2.5  2.251520e+005      4.83
  50      5   2.5  2.215332e+005      4.72
  50     10   2.5  2.190248e+005      4.64
  50     15   2.5  2.172768e+005      4.59
  50    100   2.5  2.156745e+005      4.54
  50      0   3.0  2.257188e+005      4.85
  50      5   3.0  2.220940e+005      4.74
  50     10   3.0  2.195924e+005      4.66
  50     15   3.0  2.178579e+005      4.61
  50    100   3.0  2.162986e+005      4.56
  50      0   3.5  2.262732e+005      4.87
  50      5   3.5  2.226424e+005      4.76
  50     10   3.5  2.201475e+005      4.68
  50     15   3.5  2.184265e+005      4.63
  50    100   3.5  2.169092e+005      4.58
  50      0   4.0  2.268154e+005      4.89
  50      5   4.0  2.231788e+005      4.78
  50     10   4.0  2.206906e+005      4.70
  50     15   4.0  2.189831e+005      4.65
  50    100   4.0  2.175065e+005      4.60
  50      0   4.5  2.273462e+005      4.91
  50      5   4.5  2.237038e+005      4.79
  50     10   4.5  2.212223e+005      4.72
  50     15   4.5  2.195280e+005      4.66
  50    100   4.5  2.180912e+005      4.62
  50      0   5.0  2.278655e+005      4.92
  50      5   5.0  2.242176e+005      4.81
  50     10   5.0  2.217428e+005      4.73
  50     15   5.0  2.200617e+005      4.68
  50    100   5.0  2.186635e+005      4.63
  55      0   0.0  2.435911e+005      5.43
  55      5   0.0  2.400391e+005      5.30
  55     10   0.0  2.370930e+005      5.20
  55     15   0.0  2.349199e+005      5.13
  55    100   0.0  2.324453e+005      5.04
  55      0   0.5  2.442761e+005      5.45
  55      5   0.5  2.407237e+005      5.33
  55     10   0.5  2.377840e+005      5.23
  55     15   0.5  2.356236e+005      5.15
  55    100   0.5  2.332060e+005      5.07
  55      0   1.0  2.449450e+005      5.48
  55      5   1.0  2.413922e+005      5.35
  55     10   1.0  2.384592e+005      5.25
  55     15   1.0  2.363114e+005      5.18
  55    100   1.0  2.339493e+005      5.09
  55      0   1.5  2.455984e+005      5.50
  55      5   1.5  2.420455e+005      5.38
  55     10   1.5  2.391191e+005      5.28
  55     15   1.5  2.369840e+005      5.20
  55    100   1.5  2.346760e+005      5.12
  55      0   2.0  2.462369e+005      5.52
  55      5   2.0  2.426840e+005      5.40
  55     10   2.0  2.397643e+005      5.30
  55     15   2.0  2.376418e+005      5.23
  55    100   2.0  2.353865e+005      5.15
  55      0   2.5  2.468610e+005      5.55
  55      5   2.5  2.433082e+005      5.42
  55     10   2.5  2.403953e+005      5.32
  55     15   2.5  2.382856e+005      5.25
  55    100   2.5  2.360816e+005      5.17
  55      0   3.0  2.474713e+005      5.57
  55      5   3.0  2.439187e+005      5.44
  55     10   3.0  2.410127e+005      5.34
  55     15   3.0  2.389157e+005      5.27
  55    100   3.0  2.367618e+005      5.19
  55      0   3.5  2.480682e+005      5.59
  55      5   3.5  2.445159e+005      5.47
  55     10   3.5  2.416170e+005      5.37
  55     15   3.5  2.395326e+005      5.29
  55    100   3.5  2.374275e+005      5.22
  55      0   4.0  2.486523e+005      5.61
  55      5   4.0  2.451005e+005      5.49
  55     10   4.0  2.422086e+005      5.39
  55     15   4.0  2.401369e+005      5.32
  55    100   4.0  2.380793e+005      5.24
  55      0   4.5  2.492239e+005      5.64
  55      5   4.5  2.456727e+005      5.51
  55     10   4.5  2.427880e+005      5.41
  55     15   4.5  2.407289e+005      5.34
  55    100   4.5  2.387177e+005      5.26
  55      0   5.0  2.497835e+005      5.66
  55      5   5.0  2.462330e+005      5.53
  55     10   5.0  2.433555e+005      5.43
  55     15   5.0  2.413091e+005      5.36
  55    100   5.0  2.393431e+005      5.29
  60      0   0.0  2.588157e+005      6.01
  60      5   0.0  2.562036e+005      5.90
  60     10   0.0  2.537196e+005      5.80
  60     15   0.0  2.515967e+005      5.72
  60    100   0.0  2.483585e+005      5.60
  60      0   0.5  2.594867e+005      6.04
  60      5   0.5  2.568821e+005      5.93
  60     10   0.5  2.544079e+005      5.83
  60     15   0.5  2.522983e+005      5.75
  60    100   0.5  2.491223e+005      5.63
  60      0   1.0  2.601413e+005      6.06
  60      5   1.0  2.575441e+005      5.95
  60     10   1.0  2.550798e+005      5.86
  60     15   1.0  2.529831e+005      5.78
  60    100   1.0  2.498679e+005      5.66
  60      0   1.5  2.607799e+005      6.09
  60      5   1.5  2.581904e+005      5.98
  60     10   1.5  2.557358e+005      5.88
  60     15   1.5  2.536522e+005      5.80
  60    100   1.5  2.505961e+005      5.68
  60      0   2.0  2.614034e+005      6.12
  60      5   2.0  2.588213e+005      6.01
  60     10   2.0  2.563766e+005      5.91
  60     15   2.0  2.543059e+005      5.83
  60    100   2.0  2.513077e+005      5.71
  60      0   2.5  2.620122e+005      6.14
  60      5   2.5  2.594376e+005      6.03
  60     10   2.5  2.570025e+005      5.93
  60     15   2.5  2.549448e+005      5.85
  60    100   2.5  2.520032e+005      5.74
  60      0   3.0  2.626070e+005      6.17
  60      5   3.0  2.600398e+005      6.06
  60     10   3.0  2.576144e+005      5.96
  60     15   3.0  2.555697e+005      5.88
  60    100   3.0  2.526832e+005      5.77
  60      0   3.5  2.631880e+005      6.19
  60      5   3.5  2.606283e+005      6.08
  60     10   3.5  2.582126e+005      5.98
  60     15   3.5  2.561807e+005      5.90
  60    100   3.5  2.533483e+005      5.79
  60      0   4.0  2.637560e+005      6.21
  60      5   4.0  2.612038e+005      6.11
  60     10   4.0  2.587978e+005      6.01
  60     15   4.0  2.567786e+005      5.93
  60    100   4.0  2.539988e+005      5.82
  60      0   4.5  2.643114e+005      6.24
  60      5   4.5  2.617665e+005      6.13
  60     10   4.5  2.593702e+005      6.03
  60     15   4.5  2.573637e+005      5.95
  60    100   4.5  2.546355e+005      5.84
  60      0   5.0  2.648545e+005      6.26
  60      5   5.0  2.623169e+005      6.15
  60     10   5.0  2.599304e+005      6.05
  60     15   5.0  2.579365e+005      5.97
  60    100   5.0  2.552585e+005      5.87
  65      0   0.0  2.710057e+005      6.58
  65      5   0.0  2.684776e+005      6.45
  65     10   0.0  2.662676e+005      6.35
  65     15   0.0  2.643995e+005      6.26
  65    100   0.0  2.607768e+005      6.11
  65      0   0.5  2.716480e+005      6.61
  65      5   0.5  2.691293e+005      6.48
  65     10   0.5  2.669299e+005      6.38
  65     15   0.5  2.650746e+005      6.29
  65    100   0.5  2.615169e+005      6.14
  65      0   1.0  2.722740e+005      6.64
  65      5   1.0  2.697647e+005      6.51
  65     10   1.0  2.675758e+005      6.40
  65     15   1.0  2.657332e+005      6.32
  65    100   1.0  2.622388e+005      6.17
  65      0   1.5  2.728843e+005      6.67
  65      5   1.5  2.703842e+005      6.54
  65     10   1.5  2.682057e+005      6.43
  65     15   1.5  2.663758e+005      6.35
  65    100   1.5  2.629433e+005      6.20
  65      0   2.0  2.734795e+005      6.70
  65      5   2.0  2.709885e+005      6.57
  65     10   2.0  2.688204e+005      6.46
  65     15   2.0  2.670029e+005      6.38
  65    100   2.0  2.636311e+005      6.23
  65      0   2.5  2.740601e+005      6.72
  65      5   2.5  2.715783e+005      6.59
  65     10   2.5  2.694204e+005      6.49
  65     15   2.5  2.676153e+005      6.40
  65    100   2.5  2.643024e+005      6.26
  65      0   3.0  2.746267e+005      6.75
  65      5   3.0  2.721540e+005      6.62
  65     10   3.0  2.700063e+005      6.51
  65     15   3.0  2.682134e+005      6.43
  65    100   3.0  2.649583e+005      6.29
  65      0   3.5  2.751799e+005      6.78
  65      5   3.5  2.727161e+005      6.65
  65     10   3.5  2.705786e+005      6.54
  65     15   3.5  2.687978e+005      6.46
  65    100   3.5  2.655990e+005      6.32
  65      0   4.0  2.757201e+005      6.80
  65      5   4.0  2.732653e+005      6.67
  65     10   4.0  2.711377e+005      6.57
  65     15   4.0  2.693691e+005      6.48
  65    100   4.0  2.662253e+005      6.34
  65      0   4.5  2.762477e+005      6.83
  65      5   4.5  2.738019e+005      6.70
  65     10   4.5  2.716843e+005      6.59
  65     15   4.5  2.699275e+005      6.51
  65    100   4.5  2.668375e+005      6.37
  65      0   5.0  2.767633e+005      6.86
  65      5   5.0  2.743263e+005      6.72
  65     10   5.0  2.722186e+005      6.62
  65     15   5.0  2.704736e+005      6.53
  65    100   5.0  2.674363e+005      6.40
  70      0   0.0  2.806882e+005      7.15
  70      5   0.0  2.786063e+005      7.02
  70     10   0.0  2.766371e+005      6.90
  70     15   0.0  2.749031e+005      6.81
  70    100   0.0  2.710820e+005      6.62
  70      0   0.5  2.812787e+005      7.19
  70      5   0.5  2.792119e+005      7.05
  70     10   0.5  2.772568e+005      6.93
  70     15   0.5  2.755368e+005      6.84
  70    100   0.5  2.717837e+005      6.65
  70      0   1.0  2.818533e+005      7.22
  70      5   1.0  2.798013e+005      7.08
  70     10   1.0  2.778603e+005      6.96
  70     15   1.0  2.761541e+005      6.87
  70    100   1.0  2.724673e+005      6.69
  70      0   1.5  2.824126e+005      7.25
  70      5   1.5  2.803754e+005      7.11
  70     10   1.5  2.784482e+005      6.99
  70     15   1.5  2.767555e+005      6.90
  70    100   1.5  2.731334e+005      6.72
  70      0   2.0  2.829570e+005      7.28
  70      5   2.0  2.809344e+005      7.14
  70     10   2.0  2.790210e+005      7.02
  70     15   2.0  2.773420e+005      6.93
  70    100   2.0  2.737830e+005      6.75
  70      0   2.5  2.834874e+005      7.31
  70      5   2.5  2.814792e+005      7.17
  70     10   2.5  2.795793e+005      7.05
  70     15   2.5  2.779137e+005      6.96
  70    100   2.5  2.744163e+005      6.78
  70      0   3.0  2.840042e+005      7.34
  70      5   3.0  2.820104e+005      7.20
  70     10   3.0  2.801239e+005      7.08
  70     15   3.0  2.784714e+005      6.99
  70    100   3.0  2.750343e+005      6.81
  70      0   3.5  2.845079e+005      7.37
  70      5   3.5  2.825282e+005      7.23
  70     10   3.5  2.806550e+005      7.11
  70     15   3.5  2.790156e+005      7.02
  70    100   3.5  2.756373e+005      6.84
  70      0   4.0  2.849991e+005      7.39
  70      5   4.0  2.830333e+005      7.26
  70     10   4.0  2.811733e+005      7.14
  70     15   4.0  2.795468e+005      7.04
  70    100   4.0  2.762259e+005      6.87
  70      0   4.5  2.854780e+005      7.42
  70      5   4.5  2.835262e+005      7.28
  70     10   4.5  2.816792e+005      7.17
  70     15   4.5  2.800655e+005      7.07
  70    100   4.5  2.768006e+005      6.90
  70      0   5.0  2.859454e+005      7.45
  70      5   5.0  2.840072e+005      7.31
  70     10   5.0  2.821731e+005      7.19
  70     15   5.0  2.805720e+005      7.10
  70    100   5.0  2.773620e+005      6.93
  75      0   0.0  2.876081e+005      7.70
  75      5   0.0  2.860758e+005      7.57
  75     10   0.0  2.845009e+005      7.45
  75     15   0.0  2.830195e+005      7.34
  75    100   0.0  2.791553e+005      7.12
  75      0   0.5  2.881313e+005      7.74
  75      5   0.5  2.866173e+005      7.60
  75     10   0.5  2.850596e+005      7.48
  75     15   0.5  2.835942e+005      7.38
  75    100   0.5  2.798002e+005      7.16
  75      0   1.0  2.886392e+005      7.77
  75      5   1.0  2.871435e+005      7.63
  75     10   1.0  2.856025e+005      7.51
  75     15   1.0  2.841529e+005      7.41
  75    100   1.0  2.804273e+005      7.19
  75      0   1.5  2.891325e+005      7.80
  75      5   1.5  2.876548e+005      7.67
  75     10   1.5  2.861305e+005      7.54
  75     15   1.5  2.846963e+005      7.44
  75    100   1.5  2.810375e+005      7.23
  75      0   2.0  2.896120e+005      7.83
  75      5   2.0  2.881519e+005      7.70
  75     10   2.0  2.866441e+005      7.58
  75     15   2.0  2.852253e+005      7.47
  75    100   2.0  2.816313e+005      7.26
  75      0   2.5  2.900781e+005      7.86
  75      5   2.5  2.886354e+005      7.73
  75     10   2.5  2.871437e+005      7.61
  75     15   2.5  2.857401e+005      7.50
  75    100   2.5  2.822097e+005      7.29
  75      0   3.0  2.905314e+005      7.89
  75      5   3.0  2.891059e+005      7.76
  75     10   3.0  2.876302e+005      7.64
  75     15   3.0  2.862415e+005      7.53
  75    100   3.0  2.827728e+005      7.32
  75      0   3.5  2.909724e+005      7.92
  75      5   3.5  2.895638e+005      7.79
  75     10   3.5  2.881039e+005      7.67
  75     15   3.5  2.867298e+005      7.56
  75    100   3.5  2.833215e+005      7.36
  75      0   4.0  2.914014e+005      7.95
  75      5   4.0  2.900095e+005      7.82
  75     10   4.0  2.885653e+005      7.69
  75     15   4.0  2.872056e+005      7.59
  75    100   4.0  2.838562e+005      7.39
  75      0   4.5  2.918191e+005      7.98
  75      5   4.5  2.904437e+005      7.84
  75     10   4.5  2.890149e+005      7.72
  75     15   4.5  2.876693e+005      7.62
  75    100   4.5  2.843775e+005      7.42
  75      0   5.0  2.922258e+005      8.01
  75      5   5.0  2.908667e+005      7.87
  75     10   5.0  2.894530e+005      7.75
  75     15   5.0  2.881215e+005      7.65
  75    100   5.0  2.848858e+005      7.45
  80      0   0.0  2.918716e+005      8.19
  80      5   0.0  2.908782e+005      8.06
  80     10   0.0  2.897701e+005      7.95
  80     15   0.0  2.886227e+005      7.84
  80    100   0.0  2.849701e+005      7.59
  80      0   0.5  2.923231e+005      8.23
  80      5   0.5  2.913494e+005      8.10
  80     10   0.5  2.902595e+005      7.98
  80     15   0.5  2.891291e+005      7.87
  80    100   0.5  2.855477e+005      7.63
  80      0   1.0  2.927606e+005      8.26
  80      5   1.0  2.918062e+005      8.13
  80     10   1.0  2.907343e+005      8.01
  80     15   1.0  2.896204e+005      7.91
  80    100   1.0  2.861084e+005      7.66
  80      0   1.5  2.931847e+005      8.29
  80      5   1.5  2.922493e+005      8.16
  80     10   1.5  2.911950e+005      8.04
  80     15   1.5  2.900976e+005      7.94
  80    100   1.5  2.866529e+005      7.70
  80      0   2.0  2.935958e+005      8.32
  80      5   2.0  2.926791e+005      8.19
  80     10   2.0  2.916423e+005      8.08
  80     15   2.0  2.905607e+005      7.97
  80    100   2.0  2.871819e+005      7.73
  80      0   2.5  2.939945e+005      8.35
  80      5   2.5  2.930963e+005      8.22
  80     10   2.5  2.920765e+005      8.11
  80     15   2.5  2.910108e+005      8.00
  80    100   2.5  2.876958e+005      7.76
  80      0   3.0  2.943814e+005      8.38
  80      5   3.0  2.935013e+005      8.26
  80     10   3.0  2.924984e+005      8.14
  80     15   3.0  2.914480e+005      8.03
  80    100   3.0  2.881955e+005      7.80
  80      0   3.5  2.947570e+005      8.41
  80      5   3.5  2.938947e+005      8.28
  80     10   3.5  2.929083e+005      8.17
  80     15   3.5  2.918731e+005      8.06
  80    100   3.5  2.886813e+005      7.83
  80      0   4.0  2.951216e+005      8.44
  80      5   4.0  2.942768e+005      8.31
  80     10   4.0  2.933068e+005      8.20
  80     15   4.0  2.922866e+005      8.09
  80    100   4.0  2.891539e+005      7.86
  80      0   4.5  2.954758e+005      8.47
  80      5   4.5  2.946482e+005      8.34
  80     10   4.5  2.936941e+005      8.22
  80     15   4.5  2.926886e+005      8.12
  80    100   4.5  2.896137e+005      7.89
  80      0   5.0  2.958198e+005      8.50
  80      5   5.0  2.950093e+005      8.37
  80     10   5.0  2.940709e+005      8.25
  80     15   5.0  2.930798e+005      8.15
  80    100   5.0  2.900612e+005      7.92
  85      0   0.0  2.940242e+005      8.65
  85      5   0.0  2.935302e+005      8.52
  85     10   0.0  2.928597e+005      8.40
  85     15   0.0  2.920741e+005      8.30
  85    100   0.0  2.887912e+005      8.02
  85      0   0.5  2.944036e+005      8.68
  85      5   0.5  2.939303e+005      8.55
  85     10   0.5  2.932787e+005      8.44
  85     15   0.5  2.925099e+005      8.33
  85    100   0.5  2.892982e+005      8.06
  85      0   1.0  2.947699e+005      8.71
  85      5   1.0  2.943170e+005      8.59
  85     10   1.0  2.936839e+005      8.47
  85     15   1.0  2.929319e+005      8.37
  85    100   1.0  2.897894e+005      8.09
  85      0   1.5  2.951241e+005      8.75
  85      5   1.5  2.946913e+005      8.62
  85     10   1.5  2.940762e+005      8.50
  85     15   1.5  2.933407e+005      8.40
  85    100   1.5  2.902651e+005      8.13
  85      0   2.0  2.954664e+005      8.78
  85      5   2.0  2.950534e+005      8.65
  85     10   2.0  2.944561e+005      8.53
  85     15   2.0  2.937365e+005      8.43
  85    100   2.0  2.907265e+005      8.16
  85      0   2.5  2.957977e+005      8.81
  85      5   2.5  2.954038e+005      8.68
  85     10   2.5  2.948241e+005      8.56
  85     15   2.5  2.941203e+005      8.46
  85    100   2.5  2.911738e+005      8.20
  85      0   3.0  2.961179e+005      8.84
  85      5   3.0  2.957433e+005      8.71
  85     10   3.0  2.951806e+005      8.59
  85     15   3.0  2.944921e+005      8.49
  85    100   3.0  2.916075e+005      8.23
  85      0   3.5  2.964279e+005      8.87
  85      5   3.5  2.960719e+005      8.74
  85     10   3.5  2.955261e+005      8.62
  85     15   3.5  2.948530e+005      8.52
  85    100   3.5  2.920285e+005      8.26
  85      0   4.0  2.967282e+005      8.90
  85      5   4.0  2.963904e+005      8.77
  85     10   4.0  2.958612e+005      8.65
  85     15   4.0  2.952028e+005      8.55
  85    100   4.0  2.924369e+005      8.30
  85      0   4.5  2.970186e+005      8.93
  85      5   4.5  2.966991e+005      8.80
  85     10   4.5  2.961861e+005      8.68
  85     15   4.5  2.955424e+005      8.58
  85    100   4.5  2.928337e+005      8.33
  85      0   5.0  2.973001e+005      8.95
  85      5   5.0  2.969985e+005      8.83
  85     10   5.0  2.965014e+005      8.71
  85     15   5.0  2.958719e+005      8.61
  85    100   5.0  2.932188e+005      8.36
  90      0   0.0  2.945365e+005      9.06
  90      5   0.0  2.944857e+005      8.93
  90     10   0.0  2.942123e+005      8.82
  90     15   0.0  2.937696e+005      8.71
  90    100   0.0  2.909934e+005      8.42
  90      0   0.5  2.948482e+005      9.09
  90      5   0.5  2.948182e+005      8.97
  90     10   0.5  2.945633e+005      8.85
  90     15   0.5  2.941375e+005      8.75
  90    100   0.5  2.914308e+005      8.45
  90      0   1.0  2.951485e+005      9.12
  90      5   1.0  2.951386e+005      9.00
  90     10   1.0  2.949021e+005      8.88
  90     15   1.0  2.944925e+005      8.78
  90    100   1.0  2.918532e+005      8.49
  90      0   1.5  2.954376e+005      9.15
  90      5   1.5  2.954477e+005      9.03
  90     10   1.5  2.952288e+005      8.92
  90     15   1.5  2.948354e+005      8.81
  90    100   1.5  2.922617e+005      8.53
  90      0   2.0  2.957160e+005      9.19
  90      5   2.0  2.957457e+005      9.06
  90     10   2.0  2.955444e+005      8.95
  90     15   2.0  2.951666e+005      8.85
  90    100   2.0  2.926566e+005      8.56
  90      0   2.5  2.959842e+005      9.22
  90      5   2.5  2.960331e+005      9.09
  90     10   2.5  2.958489e+005      8.98
  90     15   2.5  2.954867e+005      8.88
  90    100   2.5  2.930385e+005      8.60
  90      0   3.0  2.962428e+005      9.25
  90      5   3.0  2.963105e+005      9.12
  90     10   3.0  2.961433e+005      9.01
  90     15   3.0  2.957960e+005      8.91
  90    100   3.0  2.934082e+005      8.63
  90      0   3.5  2.964922e+005      9.28
  90      5   3.5  2.965783e+005      9.15
  90     10   3.5  2.964276e+005      9.04
  90     15   3.5  2.960951e+005      8.94
  90    100   3.5  2.937656e+005      8.66
  90      0   4.0  2.967326e+005      9.31
  90      5   4.0  2.968370e+005      9.18
  90     10   4.0  2.967023e+005      9.07
  90     15   4.0  2.963843e+005      8.97
  90    100   4.0  2.941118e+005      8.69
  90      0   4.5  2.969643e+005      9.33
  90      5   4.5  2.970866e+005      9.21
  90     10   4.5  2.969680e+005      9.10
  90     15   4.5  2.966642e+005      9.00
  90    100   4.5  2.944469e+005      8.73
  90      0   5.0  2.971878e+005      9.36
  90      5   5.0  2.973278e+005      9.24
  90     10   5.0  2.972248e+005      9.12
  90     15   5.0  2.969350e+005      9.02
  90    100   5.0  2.947714e+005      8.76
  95      0   0.0  2.936804e+005      9.44
  95      5   0.0  2.940265e+005      9.32
  95     10   0.0  2.941318e+005      9.20
  95     15   0.0  2.940163e+005      9.10
  95    100   0.0  2.918501e+005      8.79
  95      0   0.5  2.939278e+005      9.48
  95      5   0.5  2.942942e+005      9.35
  95     10   0.5  2.944180e+005      9.24
  95     15   0.5  2.943189e+005      9.14
  95    100   0.5  2.922199e+005      8.82
  95      0   1.0  2.941646e+005      9.51
  95      5   1.0  2.945511e+005      9.38
  95     10   1.0  2.946930e+005      9.27
  95     15   1.0  2.946099e+005      9.17
  95    100   1.0  2.925761e+005      8.86
  95      0   1.5  2.943917e+005      9.54
  95      5   1.5  2.947977e+005      9.42
  95     10   1.5  2.949572e+005      9.30
  95     15   1.5  2.948899e+005      9.20
  95    100   1.5  2.929193e+005      8.90
  95      0   2.0  2.946091e+005      9.57
  95      5   2.0  2.950342e+005      9.45
  95     10   2.0  2.952113e+005      9.33
  95     15   2.0  2.951592e+005      9.23
  95    100   2.0  2.932500e+005      8.93
  95      0   2.5  2.948173e+005      9.60
  95      5   2.5  2.952614e+005      9.48
  95     10   2.5  2.954554e+005      9.37
  95     15   2.5  2.954184e+005      9.26
  95    100   2.5  2.935687e+005      8.97
  95      0   3.0  2.950169e+005      9.63
  95      5   3.0  2.954794e+005      9.51
  95     10   3.0  2.956903e+005      9.40
  95     15   3.0  2.956681e+005      9.30
  95    100   3.0  2.938761e+005      9.00
  95      0   3.5  2.952081e+005      9.66
  95      5   3.5  2.956891e+005      9.54
  95     10   3.5  2.959162e+005      9.43
  95     15   3.5  2.959083e+005      9.33
  95    100   3.5  2.941725e+005      9.03
  95      0   4.0  2.953915e+005      9.69
  95      5   4.0  2.958901e+005      9.57
  95     10   4.0  2.961336e+005      9.45
  95     15   4.0  2.961398e+005      9.35
  95    100   4.0  2.944585e+005      9.06
  95      0   4.5  2.955671e+005      9.72
  95      5   4.5  2.960835e+005      9.60
  95     10   4.5  2.963427e+005      9.48
  95     15   4.5  2.963626e+005      9.38
  95    100   4.5  2.947343e+005      9.10
  95      0   5.0  2.957355e+005      9.75
  95      5   5.0  2.962691e+005      9.62
  95     10   5.0  2.965438e+005      9.51
  95     15   5.0  2.965775e+005      9.41
  95    100   5.0  2.950008e+005      9.13
 100      0   0.0  2.918596e+005      9.80
 100      5   0.0  2.925530e+005      9.67
 100     10   0.0  2.929763e+005      9.56
 100     15   0.0  2.931622e+005      9.46
 100    100   0.0  2.916653e+005      9.13
 100      0   0.5  2.920482e+005      9.83
 100      5   0.5  2.927614e+005      9.71
 100     10   0.5  2.932026e+005      9.60
 100     15   0.5  2.934043e+005      9.49
 100    100   0.5  2.919720e+005      9.17
 100      0   1.0  2.922275e+005      9.86
 100      5   1.0  2.929601e+005      9.74
 100     10   1.0  2.934188e+005      9.63
 100     15   1.0  2.936360e+005      9.53
 100    100   1.0  2.922662e+005      9.20
 100      0   1.5  2.923976e+005      9.89
 100      5   1.5  2.931495e+005      9.77
 100     10   1.5  2.936253e+005      9.66
 100     15   1.5  2.938578e+005      9.56
 100    100   1.5  2.925484e+005      9.24
 100      0   2.0  2.925595e+005      9.93
 100      5   2.0  2.933300e+005      9.80
 100     10   2.0  2.938226e+005      9.69
 100     15   2.0  2.940699e+005      9.59
 100    100   2.0  2.928194e+005      9.27
 100      0   2.5  2.927130e+005      9.96
 100      5   2.5  2.935018e+005      9.83
 100     10   2.5  2.940110e+005      9.72
 100     15   2.5  2.942730e+005      9.62
 100    100   2.5  2.930793e+005      9.31
 100      0   3.0  2.928589e+005      9.99
 100      5   3.0  2.936660e+005      9.86
 100     10   3.0  2.941912e+005      9.75
 100     15   3.0  2.944673e+005      9.65
 100    100   3.0  2.933286e+005      9.34
 100      0   3.5  2.929974e+005     10.02
 100      5   3.5  2.938222e+005      9.89
 100     10   3.5  2.943632e+005      9.78
 100     15   3.5  2.946534e+005      9.68
 100    100   3.5  2.935684e+005      9.37
 100      0   4.0  2.931288e+005     10.04
 100      5   4.0  2.939710e+005      9.92
 100     10   4.0  2.945275e+005      9.81
 100     15   4.0  2.948315e+005      9.71
 100    100   4.0  2.937984e+005      9.41
 100      0   4.5  2.932535e+005     10.07
 100      5   4.5  2.941127e+005      9.95
 100     10   4.5  2.946844e+005      9.84
 100     15   4.5  2.950018e+005      9.74
 100    100   4.5  2.940192e+005      9.44
 100      0   5.0  2.933717e+005     10.10
 100      5   5.0  2.942478e+005      9.98
 100     10   5.0  2.948344e+005      9.87
 100     15   5.0  2.951649e+005      9.77
 100    100   5.0  2.942311e+005      9.47
 105      0   0.0  2.891313e+005     10.14
 105      5   0.0  2.901482e+005     10.02
 105     10   0.0  2.908874e+005      9.90
 105     15   0.0  2.913502e+005      9.80
 105    100   0.0  2.905746e+005      9.46
 105      0   0.5  2.892641e+005     10.18
 105      5   0.5  2.903005e+005     10.05
 105     10   0.5  2.910571e+005      9.94
 105     15   0.5  2.915352e+005      9.84
 105    100   0.5  2.908213e+005      9.50
 105      0   1.0  2.893887e+005     10.21
 105      5   1.0  2.904441e+005     10.08
 105     10   1.0  2.912179e+005      9.97
 105     15   1.0  2.917110e+005      9.87
 105    100   1.0  2.910566e+005      9.53
 105      0   1.5  2.895054e+005     10.24
 105      5   1.5  2.905793e+005     10.12
 105     10   1.5  2.913699e+005     10.00
 105     15   1.5  2.918779e+005      9.90
 105    100   1.5  2.912811e+005      9.57
 105      0   2.0  2.896144e+005     10.27
 105      5   2.0  2.907066e+005     10.15
 105     10   2.0  2.915138e+005     10.03
 105     15   2.0  2.920361e+005      9.93
 105    100   2.0  2.914953e+005      9.60
 105      0   2.5  2.897163e+005     10.30
 105      5   2.5  2.908265e+005     10.18
 105     10   2.5  2.916497e+005     10.06
 105     15   2.5  2.921862e+005      9.96
 105    100   2.5  2.916995e+005      9.63
 105      0   3.0  2.898114e+005     10.33
 105      5   3.0  2.909391e+005     10.21
 105     10   3.0  2.917782e+005     10.09
 105     15   3.0  2.923284e+005      9.99
 105    100   3.0  2.918940e+005      9.67
 105      0   3.5  2.899000e+005     10.36
 105      5   3.5  2.910449e+005     10.24
 105     10   3.5  2.918996e+005     10.12
 105     15   3.5  2.924633e+005     10.02
 105    100   3.5  2.920797e+005      9.70
 105      0   4.0  2.899822e+005     10.39
 105      5   4.0  2.911442e+005     10.27
 105     10   4.0  2.920141e+005     10.15
 105     15   4.0  2.925910e+005     10.05
 105    100   4.0  2.922566e+005      9.73
 105      0   4.5  2.900586e+005     10.42
 105      5   4.5  2.912371e+005     10.29
 105     10   4.5  2.921220e+005     10.18
 105     15   4.5  2.927120e+005     10.08
 105    100   4.5  2.924254e+005      9.76
 105      0   5.0  2.901292e+005     10.45
 105      5   5.0  2.913242e+005     10.32
 105     10   5.0  2.922237e+005     10.21
 105     15   5.0  2.928263e+005     10.11
 105    100   5.0  2.925862e+005      9.79
 110      0   0.0  2.857930e+005     10.48
 110      5   0.0  2.870960e+005     10.35
 110     10   0.0  2.881010e+005     10.23
 110     15   0.0  2.888214e+005     10.13
 110    100   0.0  2.887906e+005      9.77
 110      0   0.5  2.858753e+005     10.51
 110      5   0.5  2.871968e+005     10.38
 110     10   0.5  2.882187e+005     10.27
 110     15   0.5  2.889539e+005     10.16
 110    100   0.5  2.889816e+005      9.81
 110      0   1.0  2.859501e+005     10.54
 110      5   1.0  2.872898e+005     10.41
 110     10   1.0  2.883283e+005     10.30
 110     15   1.0  2.890780e+005     10.20
 110    100   1.0  2.891622e+005      9.84
 110      0   1.5  2.860177e+005     10.57
 110      5   1.5  2.873755e+005     10.45
 110     10   1.5  2.884301e+005     10.33
 110     15   1.5  2.891940e+005     10.23
 110    100   1.5  2.893330e+005      9.88
 110      0   2.0  2.860789e+005     10.60
 110      5   2.0  2.874542e+005     10.48
 110     10   2.0  2.885248e+005     10.36
 110     15   2.0  2.893026e+005     10.26
 110    100   2.0  2.894943e+005      9.91
 110      0   2.5  2.861337e+005     10.63
 110      5   2.5  2.875264e+005     10.51
 110     10   2.5  2.886122e+005     10.39
 110     15   2.5  2.894038e+005     10.29
 110    100   2.5  2.896466e+005      9.95
 110      0   3.0  2.861826e+005     10.66
 110      5   3.0  2.875921e+005     10.54
 110     10   3.0  2.886932e+005     10.42
 110     15   3.0  2.894980e+005     10.32
 110    100   3.0  2.897904e+005      9.98
 110      0   3.5  2.862257e+005     10.69
 110      5   3.5  2.876518e+005     10.57
 110     10   3.5  2.887679e+005     10.45
 110     15   3.5  2.895858e+005     10.35
 110    100   3.5  2.899261e+005     10.01
 110      0   4.0  2.862632e+005     10.72
 110      5   4.0  2.877058e+005     10.60
 110     10   4.0  2.888363e+005     10.48
 110     15   4.0  2.896670e+005     10.38
 110    100   4.0  2.900539e+005     10.04
 110      0   4.5  2.862957e+005     10.75
 110      5   4.5  2.877543e+005     10.62
 110     10   4.5  2.888993e+005     10.51
 110     15   4.5  2.897423e+005     10.41
 110    100   4.5  2.901743e+005     10.08
 110      0   5.0  2.863231e+005     10.78
 110      5   5.0  2.877974e+005     10.65
 110     10   5.0  2.889564e+005     10.54
 110     15   5.0  2.898118e+005     10.44
 110    100   5.0  2.902876e+005     10.11
 115      0   0.0  2.820066e+005     10.80
 115      5   0.0  2.835143e+005     10.67
 115     10   0.0  2.847586e+005     10.55
 115     15   0.0  2.857117e+005     10.45
 115    100   0.0  2.864307e+005     10.07
 115      0   0.5  2.820429e+005     10.83
 115      5   0.5  2.835680e+005     10.70
 115     10   0.5  2.848283e+005     10.59
 115     15   0.5  2.857958e+005     10.48
 115    100   0.5  2.865698e+005     10.11
 115      0   1.0  2.820726e+005     10.86
 115      5   1.0  2.836148e+005     10.74
 115     10   1.0  2.848908e+005     10.62
 115     15   1.0  2.858721e+005     10.51
 115    100   1.0  2.866997e+005     10.15
 115      0   1.5  2.820966e+005     10.89
 115      5   1.5  2.836552e+005     10.77
 115     10   1.5  2.849466e+005     10.65
 115     15   1.5  2.859416e+005     10.55
 115    100   1.5  2.868204e+005     10.18
 115      0   2.0  2.821144e+005     10.93
 115      5   2.0  2.836895e+005     10.80
 115     10   2.0  2.849961e+005     10.68
 115     15   2.0  2.860043e+005     10.58
 115    100   2.0  2.869327e+005     10.21
 115      0   2.5  2.821268e+005     10.96
 115      5   2.5  2.837179e+005     10.83
 115     10   2.5  2.850392e+005     10.71
 115     15   2.5  2.860605e+005     10.61
 115    100   2.5  2.870370e+005     10.25
 115      0   3.0  2.821340e+005     10.99
 115      5   3.0  2.837407e+005     10.86
 115     10   3.0  2.850765e+005     10.74
 115     15   3.0  2.861106e+005     10.64
 115    100   3.0  2.871337e+005     10.28
 115      0   3.5  2.821363e+005     11.02
 115      5   3.5  2.837585e+005     10.89
 115     10   3.5  2.851083e+005     10.77
 115     15   3.5  2.861548e+005     10.67
 115    100   3.5  2.872228e+005     10.31
 115      0   4.0  2.821339e+005     11.04
 115      5   4.0  2.837712e+005     10.92
 115     10   4.0  2.851348e+005     10.80
 115     15   4.0  2.861936e+005     10.70
 115    100   4.0  2.873051e+005     10.35
 115      0   4.5  2.821269e+005     11.07
 115      5   4.5  2.837789e+005     10.95
 115     10   4.5  2.851563e+005     10.83
 115     15   4.5  2.862271e+005     10.72
 115    100   4.5  2.873808e+005     10.38
 115      0   5.0  2.821158e+005     11.10
 115      5   5.0  2.837823e+005     10.97
 115     10   5.0  2.851729e+005     10.86
 115     15   5.0  2.862552e+005     10.75
 115    100   5.0  2.874498e+005     10.41
 120      0   0.0  2.779414e+005     11.11
 120      5   0.0  2.796495e+005     10.98
 120     10   0.0  2.810712e+005     10.86
 120     15   0.0  2.822167e+005     10.75
 120    100   0.0  2.836820e+005     10.36
 120      0   0.5  2.779371e+005     11.14
 120      5   0.5  2.796615e+005     11.01
 120     10   0.5  2.810981e+005     10.89
 120     15   0.5  2.822570e+005     10.79
 120    100   0.5  2.837741e+005     10.40
 120      0   1.0  2.779272e+005     11.17
 120      5   1.0  2.796675e+005     11.04
 120     10   1.0  2.811185e+005     10.93
 120     15   1.0  2.822907e+005     10.82
 120    100   1.0  2.838576e+005     10.44
 120      0   1.5  2.779120e+005     11.20
 120      5   1.5  2.796678e+005     11.08
 120     10   1.5  2.811332e+005     10.96
 120     15   1.5  2.823181e+005     10.85
 120    100   1.5  2.839331e+005     10.47
 120      0   2.0  2.778918e+005     11.24
 120      5   2.0  2.796629e+005     11.11
 120     10   2.0  2.811422e+005     10.99
 120     15   2.0  2.823395e+005     10.88
 120    100   2.0  2.840010e+005     10.50
 120      0   2.5  2.778669e+005     11.27
 120      5   2.5  2.796529e+005     11.14
 120     10   2.5  2.811459e+005     11.02
 120     15   2.5  2.823554e+005     10.91
 120    100   2.5  2.840617e+005     10.54
 120      0   3.0  2.778372e+005     11.30
 120      5   3.0  2.796380e+005     11.17
 120     10   3.0  2.811443e+005     11.05
 120     15   3.0  2.823658e+005     10.94
 120    100   3.0  2.841156e+005     10.57
 120      0   3.5  2.778036e+005     11.33
 120      5   3.5  2.796188e+005     11.20
 120     10   3.5  2.811381e+005     11.08
 120     15   3.5  2.823712e+005     10.97
 120    100   3.5  2.841629e+005     10.60
 120      0   4.0  2.777657e+005     11.35
 120      5   4.0  2.795950e+005     11.23
 120     10   4.0  2.811271e+005     11.11
 120     15   4.0  2.823717e+005     11.00
 120    100   4.0  2.842041e+005     10.64
 120      0   4.5  2.777242e+005     11.38
 120      5   4.5  2.795673e+005     11.25
 120     10   4.5  2.811118e+005     11.14
 120     15   4.5  2.823677e+005     11.03
 120    100   4.5  2.842391e+005     10.67
 120      0   5.0  2.776789e+005     11.41
 120      5   5.0  2.795355e+005     11.28
 120     10   5.0  2.810925e+005     11.16
 120     15   5.0  2.823592e+005     11.06
 120    100   5.0  2.842686e+005     10.70
 125      0   0.0  2.735877e+005     11.41
 125      5   0.0  2.754609e+005     11.28
 125     10   0.0  2.770628e+005     11.16
 125     15   0.0  2.783773e+005     11.05
 125    100   0.0  2.805626e+005     10.65
 125      0   0.5  2.735468e+005     11.45
 125      5   0.5  2.754350e+005     11.31
 125     10   0.5  2.770508e+005     11.19
 125     15   0.5  2.783779e+005     11.08
 125    100   0.5  2.806111e+005     10.68
 125      0   1.0  2.735012e+005     11.48
 125      5   1.0  2.754041e+005     11.35
 125     10   1.0  2.770333e+005     11.23
 125     15   1.0  2.783728e+005     11.12
 125    100   1.0  2.806522e+005     10.72
 125      0   1.5  2.734510e+005     11.51
 125      5   1.5  2.753683e+005     11.38
 125     10   1.5  2.770109e+005     11.26
 125     15   1.5  2.783621e+005     11.15
 125    100   1.5  2.806864e+005     10.75
 125      0   2.0  2.733965e+005     11.54
 125      5   2.0  2.753278e+005     11.41
 125     10   2.0  2.769835e+005     11.29
 125     15   2.0  2.783463e+005     11.18
 125    100   2.0  2.807135e+005     10.79
 125      0   2.5  2.733380e+005     11.57
 125      5   2.5  2.752830e+005     11.44
 125     10   2.5  2.769513e+005     11.32
 125     15   2.5  2.783256e+005     11.21
 125    100   2.5  2.807343e+005     10.82
 125      0   3.0  2.732756e+005     11.60
 125      5   3.0  2.752341e+005     11.47
 125     10   3.0  2.769149e+005     11.35
 125     15   3.0  2.783002e+005     11.24
 125    100   3.0  2.807489e+005     10.85
 125      0   3.5  2.732097e+005     11.63
 125      5   3.5  2.751814e+005     11.50
 125     10   3.5  2.768742e+005     11.38
 125     15   3.5  2.782704e+005     11.27
 125    100   3.5  2.807578e+005     10.89
 125      0   4.0  2.731402e+005     11.66
 125      5   4.0  2.751250e+005     11.53
 125     10   4.0  2.768297e+005     11.41
 125     15   4.0  2.782364e+005     11.30
 125    100   4.0  2.807611e+005     10.92
 125      0   4.5  2.730676e+005     11.69
 125      5   4.5  2.750649e+005     11.56
 125     10   4.5  2.767813e+005     11.44
 125     15   4.5  2.781983e+005     11.33
 125    100   4.5  2.807593e+005     10.95
 125      0   5.0  2.729919e+005     11.71
 125      5   5.0  2.750017e+005     11.58
 125     10   5.0  2.767294e+005     11.46
 125     15   5.0  2.781565e+005     11.36
 125    100   5.0  2.807525e+005     10.98
 130      0   0.0  2.690831e+005     11.71
 130      5   0.0  2.712066e+005     11.57
 130     10   0.0  2.729290e+005     11.45
 130     15   0.0  2.743796e+005     11.34
 130    100   0.0  2.772198e+005     10.92
 130      0   0.5  2.690100e+005     11.74
 130      5   0.5  2.711482e+005     11.60
 130     10   0.5  2.728833e+005     11.48
 130     15   0.5  2.743453e+005     11.37
 130    100   0.5  2.772296e+005     10.96
 130      0   1.0  2.689326e+005     11.77
 130      5   1.0  2.710850e+005     11.63
 130     10   1.0  2.728327e+005     11.51
 130     15   1.0  2.743060e+005     11.40
 130    100   1.0  2.772327e+005     10.99
 130      0   1.5  2.688516e+005     11.80
 130      5   1.5  2.710179e+005     11.67
 130     10   1.5  2.727776e+005     11.54
 130     15   1.5  2.742618e+005     11.43
 130    100   1.5  2.772294e+005     11.03
 130      0   2.0  2.687669e+005     11.83
 130      5   2.0  2.709468e+005     11.70
 130     10   2.0  2.727183e+005     11.58
 130     15   2.0  2.742133e+005     11.47
 130    100   2.0  2.772203e+005     11.06
 130      0   2.5  2.686787e+005     11.86
 130      5   2.5  2.708721e+005     11.73
 130     10   2.5  2.726550e+005     11.61
 130     15   2.5  2.741602e+005     11.50
 130    100   2.5  2.772051e+005     11.09
 130      0   3.0  2.685873e+005     11.89
 130      5   3.0  2.707937e+005     11.76
 130     10   3.0  2.725880e+005     11.64
 130     15   3.0  2.741034e+005     11.53
 130    100   3.0  2.771848e+005     11.13
 130      0   3.5  2.684930e+005     11.92
 130      5   3.5  2.707123e+005     11.78
 130     10   3.5  2.725173e+005     11.67
 130     15   3.5  2.740427e+005     11.56
 130    100   3.5  2.771594e+005     11.16
 130      0   4.0  2.683959e+005     11.95
 130      5   4.0  2.706276e+005     11.81
 130     10   4.0  2.724433e+005     11.69
 130     15   4.0  2.739786e+005     11.58
 130    100   4.0  2.771292e+005     11.19
 130      0   4.5  2.682959e+005     11.98
 130      5   4.5  2.705400e+005     11.84
 130     10   4.5  2.723663e+005     11.72
 130     15   4.5  2.739109e+005     11.61
 130    100   4.5  2.770943e+005     11.22
 130      0   5.0  2.681936e+005     12.01
 130      5   5.0  2.704496e+005     11.87
 130     10   5.0  2.722863e+005     11.75
 130     15   5.0  2.738401e+005     11.64
 130    100   5.0  2.770548e+005     11.25
 135      0   0.0  2.647530e+005     11.98
 135      5   0.0  2.667440e+005     11.85
 135     10   0.0  2.686041e+005     11.73
 135     15   0.0  2.701843e+005     11.62
 135    100   0.0  2.737028e+005     11.18
 135      0   0.5  2.646530e+005     12.01
 135      5   0.5  2.666558e+005     11.88
 135     10   0.5  2.685276e+005     11.76
 135     15   0.5  2.701185e+005     11.65
 135    100   0.5  2.736779e+005     11.22
 135      0   1.0  2.645493e+005     12.04
 135      5   1.0  2.665638e+005     11.92
 135     10   1.0  2.684471e+005     11.79
 135     15   1.0  2.700484e+005     11.68
 135    100   1.0  2.736468e+005     11.25
 135      0   1.5  2.644427e+005     12.07
 135      5   1.5  2.664683e+005     11.95
 135     10   1.5  2.683627e+005     11.82
 135     15   1.5  2.699741e+005     11.71
 135    100   1.5  2.736102e+005     11.29
 135      0   2.0  2.643329e+005     12.10
 135      5   2.0  2.663695e+005     11.98
 135     10   2.0  2.682748e+005     11.86
 135     15   2.0  2.698960e+005     11.74
 135    100   2.0  2.735681e+005     11.32
 135      0   2.5  2.642201e+005     12.13
 135      5   2.5  2.662676e+005     12.01
 135     10   2.5  2.681835e+005     11.89
 135     15   2.5  2.698143e+005     11.78
 135    100   2.5  2.735211e+005     11.36
 135      0   3.0  2.641046e+005     12.16
 135      5   3.0  2.661628e+005     12.04
 135     10   3.0  2.680891e+005     11.92
 135     15   3.0  2.697292e+005     11.80
 135    100   3.0  2.734694e+005     11.39
 135      0   3.5  2.639866e+005     12.19
 135      5   3.5  2.660553e+005     12.07
 135     10   3.5  2.679917e+005     11.94
 135     15   3.5  2.696407e+005     11.83
 135    100   3.5  2.734131e+005     11.42
 135      0   4.0  2.638665e+005     12.22
 135      5   4.0  2.659451e+005     12.09
 135     10   4.0  2.678914e+005     11.97
 135     15   4.0  2.695493e+005     11.86
 135    100   4.0  2.733528e+005     11.45
 135      0   4.5  2.637440e+005     12.25
 135      5   4.5  2.658326e+005     12.12
 135     10   4.5  2.677886e+005     12.00
 135     15   4.5  2.694550e+005     11.89
 135    100   4.5  2.732883e+005     11.48
 135      0   5.0  2.636194e+005     12.27
 135      5   5.0  2.657176e+005     12.15
 135     10   5.0  2.676833e+005     12.03
 135     15   5.0  2.693581e+005     11.92
 135    100   5.0  2.732200e+005     11.51
 140      0   0.0  2.621630e+005     12.15
 140      5   0.0  2.634044e+005     12.06
 140     10   0.0  2.650842e+005     11.96
 140     15   0.0  2.666895e+005     11.85
 140    100   0.0  2.706823e+005     11.41
 140      0   0.5  2.620487e+005     12.18
 140      5   0.5  2.632967e+005     12.10
 140     10   0.5  2.649857e+005     11.99
 140     15   0.5  2.666007e+005     11.88
 140    100   0.5  2.706304e+005     11.44
 140      0   1.0  2.619311e+005     12.21
 140      5   1.0  2.631856e+005     12.13
 140     10   1.0  2.648839e+005     12.02
 140     15   1.0  2.665081e+005     11.91
 140    100   1.0  2.705734e+005     11.48
 140      0   1.5  2.618109e+005     12.24
 140      5   1.5  2.630718e+005     12.16
 140     10   1.5  2.647789e+005     12.05
 140     15   1.5  2.664120e+005     11.94
 140    100   1.5  2.705114e+005     11.51
 140      0   2.0  2.616879e+005     12.27
 140      5   2.0  2.629548e+005     12.19
 140     10   2.0  2.646707e+005     12.08
 140     15   2.0  2.663124e+005     11.98
 140    100   2.0  2.704447e+005     11.55
 140      0   2.5  2.615623e+005     12.30
 140      5   2.5  2.628351e+005     12.22
 140     10   2.5  2.645596e+005     12.11
 140     15   2.5  2.662099e+005     12.01
 140    100   2.5  2.703737e+005     11.58
 140      0   3.0  2.614346e+005     12.33
 140      5   3.0  2.627131e+005     12.25
 140     10   3.0  2.644460e+005     12.14
 140     15   3.0  2.661043e+005     12.03
 140    100   3.0  2.702983e+005     11.61
 140      0   3.5  2.613045e+005     12.36
 140      5   3.5  2.625888e+005     12.28
 140     10   3.5  2.643294e+005     12.17
 140     15   3.5  2.659961e+005     12.06
 140    100   3.5  2.702189e+005     11.64
 140      0   4.0  2.611724e+005     12.39
 140      5   4.0  2.624622e+005     12.31
 140     10   4.0  2.642109e+005     12.20
 140     15   4.0  2.658852e+005     12.09
 140    100   4.0  2.701358e+005     11.67
 140      0   4.5  2.610385e+005     12.42
 140      5   4.5  2.623335e+005     12.33
 140     10   4.5  2.640898e+005     12.23
 140     15   4.5  2.657719e+005     12.12
 140    100   4.5  2.700493e+005     11.70
 140      0   5.0  2.609028e+005     12.44
 140      5   5.0  2.622030e+005     12.36
 140     10   5.0  2.639670e+005     12.25
 140     15   5.0  2.656563e+005     12.15
 140    100   5.0  2.699594e+005     11.73
