   7.2        52.33     36314.86     17571.41        60.50       2.0667         0.00         6.05
   4.8        34.83     25142.69     12116.01        40.27       2.0752         0.00         4.03
   2.4        17.41     13733.23      6473.56        20.13       2.1213         0.00         2.01
  14.9        41.67     41353.54     19109.64        60.50       2.1639         1.30         4.75
  13.5        22.69     31083.74     13870.17        40.27       2.2410         1.48         2.55
   6.5        11.68     17376.67      7692.05        20.13       2.2589         0.70         1.31
  25.5        26.88     49478.50     21595.30        60.50       2.2912         3.10         2.95
  17.4        17.27     33638.67     14736.47        40.27       2.2824         2.14         1.89
   8.1         9.47     17998.94      7889.22        20.13       2.2812         0.97         1.04
  43.0         2.69     59718.57     24338.98        60.50       2.4537         6.05         0.00
  28.6         1.79     41335.71     16886.15        40.27       2.4475         4.03         0.00
  14.3         0.89     24244.82      9805.84        20.13       2.4722         2.01         0.00
  29.0        22.09     50593.52     21664.39        60.50       2.3354         3.69         2.36
  20.2        13.47     37202.68     15645.53        40.27       2.3778         2.60         1.42
  10.3         6.46     19315.41      8138.15        20.13       2.3734         1.33         0.68
