21019168
21019169
21019172
21019175
21019176
21019177
21019178
21019182
21019183
21019207
21019208
21019211
21019212
21019213
21019216
21019217
21019219
21019238
21019239
21019246
21019247
21019250
21019251
21019254
21019255
21019256
21019257
21019263
21019277
21019278
21019291
21019292
21019299
21019300
21019309
21019310
21019321
21019322
21019330
21019335
21019336
21019337
21019341
21019342
21019346
21019347
21019351
21019352
21020030
21020031
21020044
21020045
21020061
21020062
21020064
21020070
21020086
21020089
21020098
21020101
21020102
21020105
21020109
21020111
21020114
21020115
21020118
21020119
21020124
21020127
21020128
21020133
21020138
21020139
21020142
21020143
21020144
21020159
21020160
21020164
21020165
21020168
21020169
21020188
21020189
21020203
21020210
21020230
21020231
21020234
21020235
21020242
21020243
21020246
21020247
21020254
21020255
21020262
21020263
21020270
21020271
21020278
21020279
21020282
21020283
21020290
21020291
21020298
21020299
21020311
21020312
21020331
21020332
21020343
21020350
21020356
21020357
21020360
21020367
21020368
21020371
21020372
21020379
21020380
21020387
21020388
21020389
21020392
21020393
21020394
21020398
21020399
21020409
21020410
21021455
21021456
21021467
21021468
21021469
21021470
21021507
21021509
21021520
21021521
21021524
21021525
21021532
21021534
21021547
21021548
21021551
21021553
21021556
21021557
21021558
21021561
21021562
21021576
21021578
21021581
21021582
21021586
21021587
21021600
21021601
21021604
21021605
21021608
21021609
21021616
21021617
21021621
21021631
21021635
21021636
21021638
21021640
21021641
21021645
21021646
21021649
21021650
21021654
21021655
21021658
21021660
21021667
21021669
21021673
21021674
21059826
21059829
21059836
21059839
21059840
21059843
21059856
21059860
21059861
21059864
21059869
21059870
21059873
21059887
21059890
21059891
21059894
21059921
21059924
21059933
21059936
21059940
21059948
21059951
21059957
21059979
21059983
21060002
21060003
21060007
21060008
21060011
21060012
21060015
21060016
21060024
21060025
21060038
21060039
21060043
21060044
21060047
21060048
21060055
21060056
21060059
21060060
21060070
21060071
21060075
21060076
21060084
21060085
21060089
21060090
21060099
21060102
21060103
21060106
21060107
21060108
21060137
21060138
21060145
21060146
21060147
21060150
21060151
21060152
21060155
21060157
21060160
21060161
21060165
21060166
21060169
21060170
21060174
21060175
21060179
21060187
21060196
21060215
21060216
21060225
21060226
21060227
21060231
21060235
21060236
21060257
21060258
21060261
21060262
21060269
21060275
21060281
21060283
21060291
21060292
21060300
21060301
21060308
21060309
21060317
21060318
21060322
21060323
21060327
21060328
21060332
21060333
21060341
21060342
21060345
21060346
21060373
21060374
21060375
21060381
21060405
21060406
21060413
21060414
21060417
21060423
21060432
21060433
21060434
21060451
21060452
21060456
21060457
21060460
21060461
21060473
21060474
21060475
21060490
21060492
21060494
21060495
21060498
21060508
21060509
21060512
21060517
21060537
21060538
21060539
21060564
21060565
21060566
21060570
21060571
21060575
21060576
21060579
21060607
21060609
21060610
21060614
21060615
21060618
21060620
21060626
21060638
21060639
21060644
21060647
21060650
21060657
21060660
21060661
21060665
21060666
21060669
21060678
21060681
21060689
21060692
21060695
21060702
21060705
21060706
21060707
21060710
21060719
21060722
21060727
21060730
21060735
21060770
21060771
21060782
21060790
21060802
21060803
21060817
21060818
21060856
21060857
21060867
21060868
21060877
21060878
21060881
21060882
21060891
21060892
21060896
21060897
21060910
21060911
21060912
21060927
21060929
21060930
21060931
21060935
21060936
21060944
21060946
21060954
21060955
21060960
21060968
21060969
21060973
21060974
21060977
21060978
21060987
21060988
21061010
21061011
21061019
21061020
21061023
21061024
21061027
21061028
21061036
21061037
21061049
21061050
21061053
21061054
21061089
21061090
21061106
21061109
21061148
21061151
21061160
21061164
21061165
21061172
21061191
21061197
21061198
21061199
21061221
21061222
21061227
21061228
21061246
21061247
21061254
21061255
21061264
21061265
21061269
21061271
21061272
21061281
21061282
21061286
21061287
21061291
21061303
21061304
21061311
21061315
21061325
21061327
21061328
21061362
21061368
21061395
21061396
21061436
21061437
21061444
21061445
21061451
21061457
21061462
21061463
21061468
21061488
21061489
21061497
21061499
21061507
21061508
21061512
21061513
21061526
21061527
21061534
21061535
21061555
21061557
21061560
21061561
21061580
21061584
21061585
21061586
21061595
21061596
21061599
21061600
21061601
21061618
21061619
21061620
21061626
21061647
21061648
21061655
21061656
21061659
21061660
21061664
21061665
21061683
21061684
21061687
21061688
21061696
21061697
21061704
21061707
21061714
21061717
21061723
21061726
21061731
21061734
21061744
21061747
21061748
21061755
21061759
21061763
21061764
21061767
21061769
21061772
21061773
21061774
21061777
21061786
21061789
21061790
21061793
21061794
21061795
21061798
21061809
21061812
21061813
21061814
21061815
21061831
21061834
21061859
21061862
21061871
21061874
21061900
21061906
21061908
21061910
21061934
21061936
21061939
21061953
21061955
21061956
21061959
21061960
21061969
21061970
21061995
21061996
21061999
21062000
21062003
21062004
21062007
21062036
21062037
21062058
21062059
21062064
21062068
21062070
21062071
21062074
21062076
21062086
21062087
21062094
21062095
21062098
21062099
21062114
21062115
21062126
21062127
21062130
21062131
21062134
21062135
21062142
21062143
21062146
21062147
21062150
21062151
21062162
21062163
21062170
21062171
21062174
21062175
21062179
21062180
21062198
21062199
21062206
21062208
21062225
21062227
21062230
21062249
21062252
21062253
21062256
21062277
21062278
21062289
21062290
21062302
21062303
21062310
21062311
21062323
21062324
21062354
21062355
21062358
21062359
21062362
21062363
21062367
21062368
21062376
21062377
21062385
21062386
21062389
21062390
21062397
21062398
21062401
21062402
21062409
21062410
21062411
21062415
21062416
21062417
21062425
21062426
21062430
21062431
21062434
21062441
21062444
21062450
21062453
21062462
21062465
21062466
21062469
21062470
21062471
21062474
21062489
21062494
21062497
21062499
21062502
21062503
21062506
21062514
21062530
21062533
21062534
21062539
21062542
21062543
21062546
21062547
21062550
21062563
21062566
21062567
21062568
21062572
21062573
21062577
21062578
21062581
21062583
21062586
21062592
21062596
21062602
21062605
21062606
21062610
21062611
21062615
21062616
21062619
21062628
21062631
21062632
21062633
21062636
21062637
21062666
21062667
21062683
21062684
21062694
21062707
21062708
21062711
21062712
21062719
21062720
21062723
21062724
21062734
21062735
21062739
21062740
21062756
21062757
21062760
21062763
21062764
21062770
21062771
21062796
21062797
21062815
21062816
21062826
21062827
21062830
21062831
21062851
21062852
21062891
21062898
21062901
21062902
21062907
21062908
21062913
21062916
21062917
21062921
21062922
21062929
21062930
21062933
21062934
21062948
21062949
21062962
21062963
21062968
21062969
21062984
21062985
21063007
21063010
21063011
21063012
21063015
21063020
21063023
21063024
21063027
21063028
21063031
21063044
21063047
21063056
21063059
21063067
21063070
21063071
21063074
21063100
21063103
21063109
21063112
21085415
21085416
21085425
21085426
21085429
21085430
21085449
21085451
21085499
21085500
21085504
21085505
21085509
21085510
21085537
21085538
21085552
21085554
21085562
21085563
21085573
21085574
21085587
21085588
21085591
21085592
21085595
21085596
21085599
21085606
21085610
21085611
21085615
21085616
21085632
21085633
21085645
21085647
21085648
21085651
21085652
21085653
21085687
21085688
21085699
21085700
21085707
21085712
21085713
21085714
21085717
21085718
21085748
21085749
21085753
21085760
21085761
21085762
21085780
21085783
21085785
21085788
21085789
21085792
21085794
21085797
21085798
21085799
21085802
21085803
21085804
21085809
21085813
21085824
21085828
21085829
21085832
21085833
21085836
21085850
21085857
21085881
21085882
21085896
21085897
21085900
21085901
21085904
21085915
21085916
21085945
21085948
21085949
21085952
21085954
21085955
21085958
21085959
21085960
21085963
21085964
21085968
21085969
21085972
21086004
21086007
21086008
21086012
21086013
21086015
21086018
21086019
21086020
21086025
21086032
21086060
21086061
21086070
21086077
21086078
21086079
21086087
21086088
21086101
21086102
21086109
21086110
21086114
21086121
21086128
21086129
21086133
21086134
21086137
21086138
21086145
21086146
21086149
21086150
21086153
21086154
21086164
21086165
21086166
21086167
21086186
21086187
21086202
21086203
21086207
21086208
21086212
21086213
21086217
21086230
21086232
21086234
21086235
21086246
21086247
21086251
21086252
21086278
21086279
21086282
21086283
21086309
21086310
21086326
21086327
21086338
21086339
21086342
21086343
21086355
21086356
21086357
21086360
21086370
21086371
21086377
