21086391
21086392
21086399
21086404
21086405
21086406
21086409
21086410
21086416
21086417
21086422
21086423
21086424
21086432
21086433
21086449
21086450
21086459
21086460
21086463
21086464
21086476
21086477
21086484
21086485
21086486
21086489
21086494
21086495
21086499
21086505
21086506
21086510
21086511
21086526
21086527
21086535
21086536
21086566
21086568
21086589
21086590
21086593
21086594
21086613
21086614
21086623
21086624
21086641
21086642
21086645
21086651
21086652
21086668
21086669
21086728
21086729
21086732
21086733
21086751
21086755
21086756
21086758
21086777
21086778
21086783
21086784
21086789
21086790
21086792
21086793
21086797
21086798
21086835
21086836
21086855
21086856
21086869
21086870
21086871
21086875
21086899
21086902
21086907
21086910
21086911
21086914
21086924
21086927
21086939
21086942
21086949
21086952
21086953
21086954
21086957
21086970
21086973
21086992
21086993
21086997
21086998
21087006
21087007
21087018
21087019
21087022
21087027
21087028
21087029
21087032
21087033
21087067
21087068
21087091
21087092
21087100
21087101
21087108
21087109
21087112
21087119
21087139
21087140
21087151
21087152
21087155
21087156
21087163
21087164
21087189
21087190
21087193
21087194
21087198
21087199
21087202
21087203
21087216
21087217
21087228
21087229
21087247
21087248
21087251
21087252
21087255
21087256
21087260
21087261
21087271
21087305
21087312
21087325
21087326
21087329
21087330
21087335
21087336
21087339
21087340
21087354
21087355
21087367
21087369
21087370
21087371
21087374
21087376
21087387
21087388
21087409
21087410
21087417
21087418
21087425
21087426
21087429
21087435
21087436
21087439
21087444
21087447
21087448
21087451
21087460
21087463
21087480
21087483
21087488
21087491
21087524
21087525
21087530
21087531
21087534
21087535
21087538
21087539
21087546
21087547
21087567
21087568
21087571
21087573
21087580
21087581
21087584
21087585
21087588
21087589
21087592
21087593
21087612
21087613
21087639
21087640
21087643
21087645
21087648
21087649
21087650
21087653
21087655
21087658
21087659
21087665
21087666
21087669
21087670
21087694
21087695
21087698
21087699
21087717
21087718
21087740
21087741
21087748
21087749
21087757
21087758
21087762
21087763
21087766
21087768
21087771
21087772
21087784
21087785
21087788
21087789
21087816
21087817
21087818
21087825
21087836
21087837
21087840
21087856
21087857
21087867
21087890
21087891
21087900
21087901
21087902
21087907
21087910
21087921
21087922
21087925
21087926
21087959
21087967
21087968
21087972
21087973
21087988
21087989
21087992
21088002
21088003
21088016
21088017
21088033
21088034
21088038
21088045
21088052
21088053
21088057
21088058
21088065
21088066
21088073
21088074
21088077
21088078
21088081
21088086
21088087
21088088
21088097
21088098
21088099
21088106
21088112
21088113
21088121
21088122
21088130
21088131
21088134
21088135
21088157
21088158
21088161
21088163
21088166
21088167
21088205
21088206
21088211
21088218
21088219
21088220
21088246
21088247
21088267
21088277
21088278
21088290
21088291
21088294
21088295
21088296
21088303
21088304
21088307
21088311
21088312
21088326
21088327
21088334
21088335
21088338
21088339
21088359
21088360
21088364
21088365
21088368
21088369
21088383
21088385
21088391
21088402
21088405
21088406
21088409
21088425
21088435
21088436
21088437
21088445
21088454
21088455
21088462
21088463
21088466
21088467
21088470
21088471
21088472
21088489
21088490
21088491
21088494
21088495
21088498
21088499
21088503
21088504
21088511
21088512
21088516
21088517
21088527
21088528
21088531
21088533
21088544
21088548
21088549
21088552
21088554
21158285
21158290
21158294
21158297
21158298
21158301
21158302
21158305
21158310
21158311
21158315
21158322
21158323
21158327
21158328
21158333
21158348
21158351
21158361
21158362
21158366
21158367
21158375
21158379
21158397
21158400
21158401
21158402
21158405
21158406
21158410
21158411
21158414
21158416
21158419
21158420
21158424
21158429
21158432
21158455
21158458
21158461
21158463
21158481
21158484
21158498
21158502
21158503
21158506
21158523
21158526
21158535
21158538
21158539
21158542
21158546
21158568
21158569
21158573
21158574
21158594
21158595
21158622
21158625
21158627
21158630
21158639
21158640
21158656
21158658
21158661
21158662
21158673
21158674
21158691
21158692
21158696
21158697
21158713
21158717
21158722
21158725
21158726
21158729
21158739
21158752
21158753
21158758
21158761
21158762
21158765
21158766
21158769
21158770
21158773
21158774
21158777
21158783
21158787
21158788
21158802
21158804
21158807
21158808
21158824
21158825
21158828
21158835
21158842
21158846
21158855
21158859
21158860
21158866
21158869
21158870
21158877
21158878
21158882
21158883
21158886
21158888
21158897
21158898
21158906
21158907
21158918
21158919
21158926
21158929
21158930
21158933
21158943
21158945
21158946
21158949
21158950
21158951
21158956
21158957
21158960
21158961
21158972
21158973
21158976
21158977
21159005
21159006
21159009
21159010
21159014
21159019
21159020
21159025
21159026
21159035
21159037
21159045
21159046
21159053
21159054
21159062
21159063
21159083
21159084
21159107
21159108
21159126
21159127
21159216
21159220
21159226
21159247
21159248
21159268
21159269
21159277
21159278
21159287
21159288
21159291
21159293
21159296
21159297
21159305
21159306
21159309
21159310
21159313
21159314
21159317
21159323
21159380
21159381
21159385
21159386
21159399
21159400
21159409
21159410
21159418
21159419
21159422
21159423
21159431
21159432
21159436
21159437
21159445
21159446
21159463
21159470
21159471
21159473
21159475
21159476
21159485
21159486
21159497
21159498
21159505
21159506
21159510
21159511
21159525
21159526
21159534
21159537
21159542
21159545
21159554
21159555
21159558
21159559
21159560
21159563
21159564
21159567
21159569
21159572
21159574
21159577
21159602
21159603
21159607
21159613
21159616
21159618
21159619
21159627
21159628
21159646
21159647
21159652
21159653
21159661
21159662
21159665
21159666
21159669
21159674
21159676
21159691
21159692
21159696
21159697
21159716
21159717
21159725
21159726
21159735
21159736
21159755
21159756
21159763
21159764
21159767
21159793
21159794
21159798
21159799
21159803
21159822
21159823
21159826
21159835
21159836
21159840
21159842
21159846
21159847
21159853
21159854
21159891
21159896
21159897
21159898
21159903
21159904
21159911
21159912
21159917
21159918
21159921
21159923
21159968
21159969
21159997
21159998
21160005
21160006
21160017
21160018
21160027
21160028
21160035
21160036
21160040
21160046
21160054
21160055
21160077
21160078
21160094
21160095
21160112
21160113
21160120
21160121
21160125
21160126
21160129
21160130
21160141
21160142
21160155
21160156
21160159
21160160
21160162
21160165
21160176
21160177
21160196
21160197
21160206
21160207
21160215
21160216
21160225
21160226
21160238
21160245
21160267
21160268
21160276
21160277
21160284
21160285
21160288
21160295
21160299
21160302
21160307
21160310
21160315
21160318
21160319
21160322
21160335
21160338
21160339
21160342
21160343
21160346
21160356
21160359
21160372
21160375
21160406
21160409
21160411
21160414
21160420
21160423
21160428
21160429
21160436
21160437
21160441
21160460
21160461
21160493
21160494
21160497
21160498
21160505
21160506
21160518
21160519
21160544
21160545
21160548
21160549
21160552
21160553
21160565
21160568
21160605
21160606
21160656
21160657
21160661
21160662
21160663
21160666
21160667
21160670
21160671
21160674
21160675
21160676
21160687
21160715
21160717
21160749
21160750
21160778
21160779
21160782
21160783
21160795
21160796
21160819
21160824
21160829
21160830
21160851
21160852
21160855
21160856
21160863
21160868
21160899
21160900
21160913
21160914
21160915
21160920
21160923
21160937
21160940
21160941
21160944
21160945
21160948
21160953
21160956
21160957
21160960
21160961
21160964
21160965
21160968
21160969
21160972
21160989
21160992
21160997
21161000
21161001
21161004
21161005
21161008
21161017
21161020
21161021
21161022
21161025
21161026
21161030
21161048
21161051
21161052
21161053
21161056
21161057
21161060
21161063
21161068
21161078
21161082
21161083
21161086
21161091
21161094
21161107
21161113
21161116
21161118
21161121
21161133
21161134
21161135
21161138
21161144
21161145
21161148
21161149
21161150
21161153
21161154
21161163
21161164
21161167
21161174
21161175
21161178
21161179
21161182
21161183
21161190
21161191
21161200
21161201
21161204
21161205
21161218
21161222
21161240
21161241
21161250
21161251
21161255
21161256
21161259
21161260
21161280
21161281
21161295
21161296
21161305
21161306
21161340
21161341
21161349
21161350
21161361
21161362
21161368
21161374
21161395
21161396
21161399
21161400
21161403
21161404
21161419
21161420
21161435
21161436
21161445
21161446
21161449
21161450
21161454
21161455
21161470
21161471
21161485
21161486
21161495
21161496
21161508
21161509
21161520
21161521
21161526
21161527
21161531
21161560
21161562
21161563
21161564
21161567
21161569
21161577
21161578
21161586
21161588
21161618
21161619
21161621
21161629
21161630
21161635
21161636
21161651
21161652
21161653
21161656
21161657
21161659
