  30      0   0.0  6.258179e+004      0.82
  30      5   0.0  6.140832e+004      0.81
  30     10   0.0  6.055347e+004      0.79
  30     15   0.0  5.990268e+004      0.78
  30    100   0.0  5.668012e+004      0.73
  30      0   0.5  6.705291e+004      0.92
  30      5   0.5  6.569830e+004      0.90
  30     10   0.5  6.473581e+004      0.88
  30     15   0.5  6.402150e+004      0.87
  30    100   0.5  6.093599e+004      0.81
  30      0   1.0  7.075209e+004      1.00
  30      5   1.0  6.922906e+004      0.97
  30     10   1.0  6.817101e+004      0.96
  30     15   1.0  6.740441e+004      0.94
  30    100   1.0  6.447407e+004      0.89
  30      0   1.5  7.390879e+004      1.06
  30      5   1.5  7.222486e+004      1.04
  30     10   1.5  7.107870e+004      1.02
  30     15   1.5  7.026661e+004      1.01
  30    100   1.5  6.748048e+004      0.95
  30      0   2.0  7.666645e+004      1.12
  30      5   2.0  7.482745e+004      1.10
  30     10   2.0  7.359895e+004      1.07
  30     15   2.0  7.274650e+004      1.06
  30    100   2.0  7.008930e+004      1.01
  30      0   2.5  7.911924e+004      1.18
  30      5   2.5  7.713027e+004      1.15
  30     10   2.5  7.582448e+004      1.12
  30     15   2.5  7.493600e+004      1.11
  30    100   2.5  7.239464e+004      1.06
  30      0   3.0  8.133188e+004      1.23
  30      5   3.0  7.919781e+004      1.19
  30     10   3.0  7.781933e+004      1.17
  30     15   3.0  7.689871e+004      1.15
  30    100   3.0  7.446315e+004      1.10
  30      0   3.5  8.335060e+004      1.27
  30      5   3.5  8.107619e+004      1.23
  30     10   3.5  7.962936e+004      1.21
  30     15   3.5  7.868013e+004      1.19
  30    100   3.5  7.634276e+004      1.14
  30      0   4.0  8.520945e+004      1.31
  30      5   4.0  8.279948e+004      1.27
  30     10   4.0  8.128843e+004      1.24
  30     15   4.0  8.031385e+004      1.23
  30    100   4.0  7.806891e+004      1.18
  30      0   4.5  8.693420e+004      1.35
  30      5   4.5  8.439348e+004      1.31
  30     10   4.5  8.282224e+004      1.28
  30     15   4.5  8.182536e+004      1.26
  30    100   4.5  7.966841e+004      1.21
  30      0   5.0  8.854471e+004      1.39
  30      5   5.0  8.587816e+004      1.34
  30     10   5.0  8.425065e+004      1.31
  30     15   5.0  8.323434e+004      1.29
  30    100   5.0  8.116180e+004      1.25
  35      0   0.0  7.408871e+004      0.98
  35      5   0.0  7.269935e+004      0.96
  35     10   0.0  7.136526e+004      0.94
  35     15   0.0  7.013059e+004      0.93
  35    100   0.0  6.495752e+004      0.84
  35      0   0.5  8.008604e+004      1.11
  35      5   0.5  7.854696e+004      1.09
  35     10   0.5  7.707289e+004      1.06
  35     15   0.5  7.571745e+004      1.04
  35    100   0.5  7.053952e+004      0.95
  35      0   1.0  8.513347e+004      1.22
  35      5   1.0  8.347034e+004      1.20
  35     10   1.0  8.188266e+004      1.17
  35     15   1.0  8.043305e+004      1.14
  35    100   1.0  7.533038e+004      1.05
  35      0   1.5  8.950937e+004      1.32
  35      5   1.5  8.774127e+004      1.29
  35     10   1.5  8.605951e+004      1.26
  35     15   1.5  8.453559e+004      1.23
  35    100   1.5  7.954589e+004      1.14
  35      0   2.0  9.337711e+004      1.41
  35      5   2.0  9.151969e+004      1.38
  35     10   2.0  8.976026e+004      1.34
  35     15   2.0  8.817866e+004      1.31
  35    100   2.0  8.332592e+004      1.22
  35      0   2.5  9.684266e+004      1.49
  35      5   2.5  9.490929e+004      1.45
  35     10   2.5  9.308630e+004      1.42
  35     15   2.5  9.146151e+004      1.39
  35    100   2.5  8.676420e+004      1.29
  35      0   3.0  9.997957e+004      1.56
  35      5   3.0  9.798175e+004      1.53
  35     10   3.0  9.610747e+004      1.49
  35     15   3.0  9.445211e+004      1.46
  35    100   3.0  8.992557e+004      1.36
  35      0   3.5  1.028413e+005      1.63
  35      5   3.5  1.007890e+005      1.59
  35     10   3.5  9.887409e+004      1.55
  35     15   3.5  9.719927e+004      1.52
  35    100   3.5  9.285620e+004      1.42
  35      0   4.0  1.054684e+005      1.70
  35      5   4.0  1.033701e+005      1.65
  35     10   4.0  1.014239e+005      1.61
  35     15   4.0  9.973930e+004      1.58
  35    100   4.0  9.558970e+004      1.49
  35      0   4.5  1.078922e+005      1.75
  35      5   4.5  1.057552e+005      1.71
  35     10   4.5  1.037859e+005      1.67
  35     15   4.5  1.020998e+005      1.63
  35    100   4.5  9.815130e+004      1.54
  35      0   5.0  1.101378e+005      1.81
  35      5   5.0  1.079685e+005      1.76
  35     10   5.0  1.059830e+005      1.72
  35     15   5.0  1.043027e+005      1.69
  35    100   5.0  1.005601e+005      1.60
  40      0   0.0  8.543081e+004      1.15
  40      5   0.0  8.370998e+004      1.12
  40     10   0.0  8.222445e+004      1.10
  40     15   0.0  8.086155e+004      1.08
  40    100   0.0  7.390257e+004      0.96
  40      0   0.5  9.259998e+004      1.31
  40      5   0.5  9.070397e+004      1.28
  40     10   0.5  8.909326e+004      1.25
  40     15   0.5  8.763109e+004      1.23
  40    100   0.5  8.075273e+004      1.10
  40      0   1.0  9.863497e+004      1.44
  40      5   1.0  9.658918e+004      1.41
  40     10   1.0  9.487868e+004      1.38
  40     15   1.0  9.334332e+004      1.35
  40    100   1.0  8.664476e+004      1.22
  40      0   1.5  1.038660e+005      1.57
  40      5   1.5  1.016883e+005      1.53
  40     10   1.5  9.989602e+004      1.50
  40     15   1.5  9.830588e+004      1.47
  40    100   1.5  9.183976e+004      1.33
  40      0   2.0  1.084839e+005      1.68
  40      5   2.0  1.061883e+005      1.64
  40     10   2.0  1.043282e+005      1.60
  40     15   2.0  1.026974e+005      1.57
  40    100   2.0  9.649748e+004      1.44
  40      0   2.5  1.126143e+005      1.78
  40      5   2.5  1.102118e+005      1.73
  40     10   2.5  1.082948e+005      1.70
  40     15   2.5  1.066347e+005      1.67
  40    100   2.5  1.007223e+005      1.53
  40      0   3.0  1.163459e+005      1.87
  40      5   3.0  1.138453e+005      1.82
  40     10   3.0  1.118803e+005      1.79
  40     15   3.0  1.101997e+005      1.75
  40    100   3.0  1.045863e+005      1.62
  40      0   3.5  1.197441e+005      1.96
  40      5   3.5  1.171527e+005      1.91
  40     10   3.5  1.151469e+005      1.87
  40     15   3.5  1.134530e+005      1.83
  40    100   3.5  1.081423e+005      1.71
  40      0   4.0  1.228593e+005      2.04
  40      5   4.0  1.201830e+005      1.98
  40     10   4.0  1.181423e+005      1.94
  40     15   4.0  1.164408e+005      1.91
  40    100   4.0  1.114303e+005      1.78
  40      0   4.5  1.257310e+005      2.11
  40      5   4.5  1.229748e+005      2.05
  40     10   4.5  1.209038e+005      2.01
  40     15   4.5  1.191993e+005      1.97
  40    100   4.5  1.144824e+005      1.86
  40      0   5.0  1.283909e+005      2.18
  40      5   5.0  1.255589e+005      2.12
  40     10   5.0  1.234615e+005      2.08
  40     15   5.0  1.217576e+005      2.04
  40    100   5.0  1.173245e+005      1.93
  45      0   0.0  9.713058e+004      1.32
  45      5   0.0  9.536599e+004      1.29
  45     10   0.0  9.363999e+004      1.26
  45     15   0.0  9.200451e+004      1.24
  45    100   0.0  8.368607e+004      1.09
  45      0   0.5  1.054059e+005      1.51
  45      5   0.5  1.034977e+005      1.48
  45     10   0.5  1.016367e+005      1.44
  45     15   0.5  9.988484e+004      1.42
  45    100   0.5  9.173527e+004      1.26
  45      0   1.0  1.123838e+005      1.67
  45      5   1.0  1.103564e+005      1.64
  45     10   1.0  1.083857e+005      1.60
  45     15   1.0  1.065431e+005      1.57
  45    100   1.0  9.864834e+004      1.41
  45      0   1.5  1.184412e+005      1.82
  45      5   1.5  1.163120e+005      1.78
  45     10   1.5  1.142496e+005      1.74
  45     15   1.5  1.123343e+005      1.71
  45    100   1.5  1.047333e+005      1.54
  45      0   2.0  1.237959e+005      1.95
  45      5   2.0  1.215781e+005      1.91
  45     10   2.0  1.194377e+005      1.87
  45     15   2.0  1.174635e+005      1.83
  45    100   2.0  1.101774e+005      1.67
  45      0   2.5  1.285916e+005      2.07
  45      5   2.5  1.262959e+005      2.03
  45     10   2.5  1.240882e+005      1.99
  45     15   2.5  1.220660e+005      1.95
  45    100   2.5  1.151050e+005      1.79
  45      0   3.0  1.329308e+005      2.19
  45      5   3.0  1.305654e+005      2.14
  45     10   3.0  1.282993e+005      2.09
  45     15   3.0  1.262377e+005      2.05
  45    100   3.0  1.196034e+005      1.89
  45      0   3.5  1.368892e+005      2.29
  45      5   3.5  1.344612e+005      2.24
  45     10   3.5  1.321436e+005      2.19
  45     15   3.5  1.300497e+005      2.15
  45    100   3.5  1.237372e+005      2.00
  45      0   4.0  1.405250e+005      2.39
  45      5   4.0  1.380400e+005      2.33
  45     10   4.0  1.356770e+005      2.29
  45     15   4.0  1.335564e+005      2.24
  45    100   4.0  1.275563e+005      2.09
  45      0   4.5  1.438837e+005      2.48
  45      5   4.5  1.413467e+005      2.42
  45     10   4.5  1.389433e+005      2.37
  45     15   4.5  1.368009e+005      2.32
  45    100   4.5  1.311003e+005      2.18
  45      0   5.0  1.470017e+005      2.56
  45      5   5.0  1.444168e+005      2.50
  45     10   5.0  1.419773e+005      2.45
  45     15   5.0  1.398173e+005      2.40
  45    100   5.0  1.344016e+005      2.27
  50      0   0.0  1.075554e+005      1.47
  50      5   0.0  1.057269e+005      1.45
  50     10   0.0  1.040087e+005      1.42
  50     15   0.0  1.023627e+005      1.39
  50    100   0.0  9.281825e+004      1.21
  50      0   0.5  1.166453e+005      1.69
  50      5   0.5  1.146821e+005      1.66
  50     10   0.5  1.128511e+005      1.63
  50     15   0.5  1.111082e+005      1.60
  50    100   0.5  1.018329e+005      1.41
  50      0   1.0  1.243059e+005      1.88
  50      5   1.0  1.222299e+005      1.84
  50     10   1.0  1.203079e+005      1.81
  50     15   1.0  1.184902e+005      1.77
  50    100   1.0  1.095537e+005      1.58
  50      0   1.5  1.309520e+005      2.04
  50      5   1.5  1.287791e+005      2.00
  50     10   1.5  1.267815e+005      1.97
  50     15   1.5  1.249044e+005      1.93
  50    100   1.5  1.163244e+005      1.74
  50      0   2.0  1.368240e+005      2.20
  50      5   2.0  1.345659e+005      2.15
  50     10   2.0  1.325044e+005      2.11
  50     15   2.0  1.305795e+005      2.07
  50    100   2.0  1.223560e+005      1.89
  50      0   2.5  1.420813e+005      2.33
  50      5   2.5  1.397473e+005      2.29
  50     10   2.5  1.376309e+005      2.25
  50     15   2.5  1.356670e+005      2.21
  50    100   2.5  1.277921e+005      2.02
  50      0   3.0  1.468371e+005      2.46
  50      5   3.0  1.444347e+005      2.41
  50     10   3.0  1.422704e+005      2.37
  50     15   3.0  1.402747e+005      2.33
  50    100   3.0  1.327360e+005      2.14
  50      0   3.5  1.511756e+005      2.58
  50      5   3.5  1.487108e+005      2.53
  50     10   3.5  1.465045e+005      2.48
  50     15   3.5  1.444825e+005      2.44
  50    100   3.5  1.372654e+005      2.26
  50      0   4.0  1.551608e+005      2.69
  50      5   4.0  1.526388e+005      2.64
  50     10   4.0  1.503953e+005      2.59
  50     15   4.0  1.483517e+005      2.54
  50    100   4.0  1.414400e+005      2.37
  50      0   4.5  1.588432e+005      2.79
  50      5   4.5  1.562682e+005      2.74
  50     10   4.5  1.539915e+005      2.69
  50     15   4.5  1.519302e+005      2.64
  50    100   4.5  1.453074e+005      2.47
  50      0   5.0  1.622625e+005      2.89
  50      5   5.0  1.596382e+005      2.83
  50     10   5.0  1.573319e+005      2.78
  50     15   5.0  1.552561e+005      2.73
  50    100   5.0  1.489056e+005      2.57
  55      0   0.0  1.177295e+005      1.63
  55      5   0.0  1.157977e+005      1.60
  55     10   0.0  1.139342e+005      1.57
  55     15   0.0  1.121805e+005      1.54
  55    100   0.0  1.018033e+005      1.34
  55      0   0.5  1.275849e+005      1.87
  55      5   0.5  1.255191e+005      1.83
  55     10   0.5  1.235350e+005      1.80
  55     15   0.5  1.216810e+005      1.77
  55    100   0.5  1.116198e+005      1.56
  55      0   1.0  1.358951e+005      2.08
  55      5   1.0  1.337171e+005      2.04
  55     10   1.0  1.316334e+005      2.00
  55     15   1.0  1.296998e+005      1.97
  55    100   1.0  1.200044e+005      1.76
  55      0   1.5  1.431075e+005      2.27
  55      5   1.5  1.408329e+005      2.23
  55     10   1.5  1.386650e+005      2.18
  55     15   1.5  1.366664e+005      2.14
  55    100   1.5  1.273406e+005      1.93
  55      0   2.0  1.494823e+005      2.44
  55      5   2.0  1.471229e+005      2.39
  55     10   2.0  1.448824e+005      2.35
  55     15   2.0  1.428297e+005      2.31
  55    100   2.0  1.338626e+005      2.10
  55      0   2.5  1.551921e+005      2.60
  55      5   2.5  1.527573e+005      2.55
  55     10   2.5  1.504534e+005      2.50
  55     15   2.5  1.483552e+005      2.45
  55    100   2.5  1.397303e+005      2.25
  55      0   3.0  1.603600e+005      2.74
  55      5   3.0  1.578576e+005      2.69
  55     10   3.0  1.554975e+005      2.64
  55     15   3.0  1.533605e+005      2.59
  55    100   3.0  1.450593e+005      2.39
  55      0   3.5  1.650774e+005      2.87
  55      5   3.5  1.625134e+005      2.82
  55     10   3.5  1.601032e+005      2.77
  55     15   3.5  1.579330e+005      2.72
  55    100   3.5  1.499368e+005      2.52
  55      0   4.0  1.694135e+005      3.00
  55      5   4.0  1.667933e+005      2.94
  55     10   4.0  1.643380e+005      2.89
  55     15   4.0  1.621392e+005      2.84
  55    100   4.0  1.544299e+005      2.64
  55      0   4.5  1.734225e+005      3.12
  55      5   4.5  1.707508e+005      3.06
  55     10   4.5  1.682547e+005      3.00
  55     15   4.5  1.660311e+005      2.95
  55    100   4.5  1.585915e+005      2.75
  55      0   5.0  1.771477e+005      3.23
  55      5   5.0  1.744282e+005      3.16
  55     10   5.0  1.718952e+005      3.10
  55     15   5.0  1.696501e+005      3.05
  55    100   5.0  1.624644e+005      2.86
  60      0   0.0  1.267889e+005      1.77
  60      5   0.0  1.249599e+005      1.74
  60     10   0.0  1.231223e+005      1.71
  60     15   0.0  1.213239e+005      1.68
  60    100   0.0  1.100748e+005      1.46
  60      0   0.5  1.372276e+005      2.04
  60      5   0.5  1.352940e+005      2.00
  60     10   0.5  1.333530e+005      1.97
  60     15   0.5  1.314599e+005      1.93
  60    100   0.5  1.205383e+005      1.70
  60      0   1.0  1.460225e+005      2.27
  60      5   1.0  1.440039e+005      2.23
  60     10   1.0  1.419791e+005      2.19
  60     15   1.0  1.400108e+005      2.15
  60    100   1.0  1.294664e+005      1.92
  60      0   1.5  1.536477e+005      2.47
  60      5   1.5  1.515582e+005      2.43
  60     10   1.5  1.494641e+005      2.39
  60     15   1.5  1.474347e+005      2.35
  60    100   1.5  1.372717e+005      2.11
  60      0   2.0  1.603803e+005      2.66
  60      5   2.0  1.582307e+005      2.62
  60     10   2.0  1.560782e+005      2.57
  60     15   2.0  1.539983e+005      2.53
  60    100   2.0  1.442039e+005      2.29
  60      0   2.5  1.664048e+005      2.84
  60      5   2.5  1.642036e+005      2.79
  60     10   2.5  1.620011e+005      2.74
  60     15   2.5  1.598791e+005      2.69
  60    100   2.5  1.504336e+005      2.46
  60      0   3.0  1.718525e+005      3.00
  60      5   3.0  1.696065e+005      2.94
  60     10   3.0  1.673610e+005      2.89
  60     15   3.0  1.652034e+005      2.84
  60    100   3.0  1.560849e+005      2.61
  60      0   3.5  1.768209e+005      3.14
  60      5   3.5  1.745357e+005      3.09
  60     10   3.5  1.722526e+005      3.04
  60     15   3.5  1.700648e+005      2.98
  60    100   3.5  1.612512e+005      2.76
  60      0   4.0  1.813837e+005      3.28
  60      5   4.0  1.790640e+005      3.22
  60     10   4.0  1.767481e+005      3.17
  60     15   4.0  1.745347e+005      3.12
  60    100   4.0  1.660049e+005      2.89
  60      0   4.5  1.855988e+005      3.41
  60      5   4.5  1.832484e+005      3.35
  60     10   4.5  1.809038e+005      3.29
  60     15   4.5  1.786685e+005      3.24
  60    100   4.5  1.704034e+005      3.02
  60      0   5.0  1.895119e+005      3.53
  60      5   5.0  1.871344e+005      3.47
  60     10   5.0  1.847645e+005      3.41
  60     15   5.0  1.825107e+005      3.35
  60    100   5.0  1.744929e+005      3.13
  65      0   0.0  1.350486e+005      1.91
  65      5   0.0  1.331669e+005      1.88
  65     10   0.0  1.313543e+005      1.85
  65     15   0.0  1.295939e+005      1.82
  65    100   0.0  1.177021e+005      1.58
  65      0   0.5  1.459591e+005      2.20
  65      5   0.5  1.439765e+005      2.16
  65     10   0.5  1.420738e+005      2.12
  65     15   0.5  1.402330e+005      2.09
  65    100   0.5  1.286666e+005      1.84
  65      0   1.0  1.551385e+005      2.45
  65      5   1.0  1.530749e+005      2.41
  65     10   1.0  1.511007e+005      2.37
  65     15   1.0  1.491976e+005      2.33
  65    100   1.0  1.380017e+005      2.07
  65      0   1.5  1.630846e+005      2.67
  65      5   1.5  1.609543e+005      2.63
  65     10   1.5  1.589221e+005      2.58
  65     15   1.5  1.569698e+005      2.54
  65    100   1.5  1.461509e+005      2.28
  65      0   2.0  1.700895e+005      2.88
  65      5   2.0  1.679033e+005      2.83
  65     10   2.0  1.658236e+005      2.78
  65     15   2.0  1.638316e+005      2.74
  65    100   2.0  1.533808e+005      2.48
  65      0   2.5  1.763485e+005      3.06
  65      5   2.5  1.741149e+005      3.01
  65     10   2.5  1.719955e+005      2.96
  65     15   2.5  1.699716e+005      2.91
  65    100   2.5  1.598718e+005      2.66
  65      0   3.0  1.820002e+005      3.24
  65      5   3.0  1.797262e+005      3.18
  65     10   3.0  1.775735e+005      3.13
  65     15   3.0  1.755236e+005      3.08
  65    100   3.0  1.657549e+005      2.82
  65      0   3.5  1.871475e+005      3.40
  65      5   3.5  1.848385e+005      3.34
  65     10   3.5  1.826576e+005      3.28
  65     15   3.5  1.805868e+005      3.23
  65    100   3.5  1.711284e+005      2.98
  65      0   4.0  1.918684e+005      3.55
  65      5   4.0  1.895291e+005      3.49
  65     10   4.0  1.873243e+005      3.43
  65     15   4.0  1.852364e+005      3.38
  65    100   4.0  1.760683e+005      3.12
  65      0   4.5  1.962236e+005      3.69
  65      5   4.5  1.938580e+005      3.63
  65     10   4.5  1.916330e+005      3.57
  65     15   4.5  1.895315e+005      3.51
  65    100   4.5  1.806349e+005      3.26
  65      0   5.0  2.002615e+005      3.82
  65      5   5.0  1.978730e+005      3.76
  65     10   5.0  1.956309e+005      3.70
  65     15   5.0  1.935187e+005      3.64
  65    100   5.0  1.848764e+005      3.39
  70      0   0.0  1.429138e+005      2.05
  70      5   0.0  1.409863e+005      2.02
  70     10   0.0  1.391166e+005      1.98
  70     15   0.0  1.373232e+005      1.95
  70    100   0.0  1.249887e+005      1.70
  70      0   0.5  1.542330e+005      2.36
  70      5   0.5  1.522132e+005      2.32
  70     10   0.5  1.502580e+005      2.28
  70     15   0.5  1.483895e+005      2.24
  70    100   0.5  1.363782e+005      1.98
  70      0   1.0  1.637374e+005      2.63
  70      5   1.0  1.616458e+005      2.58
  70     10   1.0  1.596245e+005      2.54
  70     15   1.0  1.576989e+005      2.50
  70    100   1.0  1.460479e+005      2.23
  70      0   1.5  1.719472e+005      2.87
  70      5   1.5  1.697987e+005      2.82
  70     10   1.5  1.677253e+005      2.78
  70     15   1.5  1.657557e+005      2.73
  70    100   1.5  1.544702e+005      2.45
  70      0   2.0  1.791695e+005      3.10
  70      5   2.0  1.769754e+005      3.04
  70     10   2.0  1.748604e+005      2.99
  70     15   2.0  1.728566e+005      2.94
  70    100   2.0  1.619281e+005      2.66
  70      0   2.5  1.856094e+005      3.30
  70      5   2.5  1.833785e+005      3.24
  70     10   2.5  1.812302e+005      3.18
  70     15   2.5  1.791995e+005      3.13
  70    100   2.5  1.686133e+005      2.85
  70      0   3.0  1.914133e+005      3.49
  70      5   3.0  1.891524e+005      3.42
  70     10   3.0  1.869773e+005      3.37
  70     15   3.0  1.849260e+005      3.31
  70    100   3.0  1.746638e+005      3.03
  70      0   3.5  1.966891e+005      3.66
  70      5   3.5  1.944039e+005      3.60
  70     10   3.5  1.922071e+005      3.53
  70     15   3.5  1.901398e+005      3.48
  70    100   3.5  1.801836e+005      3.20
  70      0   4.0  2.015187e+005      3.82
  70      5   4.0  1.992138e+005      3.76
  70     10   4.0  1.969999e+005      3.69
  70     15   4.0  1.949204e+005      3.63
  70    100   4.0  1.852523e+005      3.35
  70      0   4.5  2.059659e+005      3.98
  70      5   4.5  2.036454e+005      3.91
  70     10   4.5  2.014180e+005      3.84
  70     15   4.5  1.993297e+005      3.78
  70    100   4.5  1.899329e+005      3.50
  70      0   5.0  2.100815e+005      4.12
  70      5   5.0  2.077488e+005      4.05
  70     10   5.0  2.055109e+005      3.98
  70     15   5.0  2.034166e+005      3.92
  70    100   5.0  1.942757e+005      3.64
  75      0   0.0  1.503527e+005      2.20
  75      5   0.0  1.484190e+005      2.16
  75     10   0.0  1.465116e+005      2.12
  75     15   0.0  1.446709e+005      2.08
  75    100   0.0  1.318787e+005      1.81
  75      0   0.5  1.620047e+005      2.53
  75      5   0.5  1.599941e+005      2.48
  75     10   0.5  1.580111e+005      2.44
  75     15   0.5  1.561018e+005      2.40
  75    100   0.5  1.436598e+005      2.11
  75      0   1.0  1.717603e+005      2.82
  75      5   1.0  1.696936e+005      2.77
  75     10   1.0  1.676553e+005      2.72
  75     15   1.0  1.656964e+005      2.67
  75    100   1.0  1.536215e+005      2.38
  75      0   1.5  1.801626e+005      3.08
  75      5   1.5  1.780551e+005      3.02
  75     10   1.5  1.759759e+005      2.97
  75     15   1.5  1.739804e+005      2.92
  75    100   1.5  1.622716e+005      2.62
  75      0   2.0  1.875333e+005      3.32
  75      5   2.0  1.853960e+005      3.26
  75     10   2.0  1.832867e+005      3.20
  75     15   2.0  1.812649e+005      3.15
  75    100   2.0  1.699125e+005      2.84
  75      0   2.5  1.940881e+005      3.54
  75      5   2.5  1.919295e+005      3.47
  75     10   2.5  1.897982e+005      3.41
  75     15   2.5  1.877576e+005      3.36
  75    100   2.5  1.767477e+005      3.05
  75      0   3.0  1.999800e+005      3.74
  75      5   3.0  1.978068e+005      3.67
  75     10   3.0  1.956599e+005      3.61
  75     15   3.0  1.936064e+005      3.55
  75    100   3.0  1.829227e+005      3.24
  75      0   3.5  2.053221e+005      3.93
  75      5   3.5  2.031394e+005      3.86
  75     10   3.5  2.009823e+005      3.79
  75     15   3.5  1.989208e+005      3.73
  75    100   3.5  1.885464e+005      3.42
  75      0   4.0  2.101999e+005      4.10
  75      5   4.0  2.080125e+005      4.03
  75     10   4.0  2.058494e+005      3.96
  75     15   4.0  2.037836e+005      3.89
  75    100   4.0  1.937024e+005      3.58
  75      0   4.5  2.146807e+005      4.27
  75      5   4.5  2.124920e+005      4.19
  75     10   4.5  2.103262e+005      4.12
  75     15   4.5  2.082593e+005      4.05
  75    100   4.5  1.984562e+005      3.74
  75      0   5.0  2.188170e+005      4.42
  75      5   5.0  2.166300e+005      4.34
  75     10   5.0  2.144647e+005      4.27
  75     15   5.0  2.123996e+005      4.20
  75    100   5.0  2.028602e+005      3.89
  80      0   0.0  1.571742e+005      2.34
  80      5   0.0  1.552837e+005      2.30
  80     10   0.0  1.533996e+005      2.26
  80     15   0.0  1.515481e+005      2.22
  80    100   0.0  1.383259e+005      1.93
  80      0   0.5  1.690640e+005      2.69
  80      5   0.5  1.671166e+005      2.64
  80     10   0.5  1.651741e+005      2.60
  80     15   0.5  1.632662e+005      2.55
  80    100   0.5  1.504404e+005      2.25
  80      0   1.0  1.789810e+005      3.00
  80      5   1.0  1.769977e+005      2.95
  80     10   1.0  1.750170e+005      2.90
  80     15   1.0  1.730717e+005      2.85
  80    100   1.0  1.606406e+005      2.53
  80      0   1.5  1.874917e+005      3.28
  80      5   1.5  1.854869e+005      3.23
  80     10   1.5  1.834820e+005      3.17
  80     15   1.5  1.815128e+005      3.12
  80    100   1.5  1.694665e+005      2.79
  80      0   2.0  1.949322e+005      3.54
  80      5   2.0  1.929159e+005      3.48
  80     10   2.0  1.908972e+005      3.41
  80     15   2.0  1.889138e+005      3.36
  80    100   2.0  1.772394e+005      3.02
  80      0   2.5  2.015272e+005      3.77
  80      5   2.5  1.995075e+005      3.70
  80     10   2.5  1.974825e+005      3.64
  80     15   2.5  1.954921e+005      3.58
  80    100   2.5  1.841743e+005      3.24
  80      0   3.0  2.074367e+005      3.99
  80      5   3.0  2.054194e+005      3.92
  80     10   3.0  2.033938e+005      3.85
  80     15   3.0  2.014022e+005      3.79
  80    100   3.0  1.904250e+005      3.44
  80      0   3.5  2.127784e+005      4.19
  80      5   3.5  2.107680e+005      4.11
  80     10   3.5  2.087466e+005      4.04
  80     15   3.5  2.067580e+005      3.98
  80    100   3.5  1.961051e+005      3.63
  80      0   4.0  2.176417e+005      4.37
  80      5   4.0  2.156417e+005      4.30
  80     10   4.0  2.136282e+005      4.22
  80     15   4.0  2.116462e+005      4.16
  80    100   4.0  2.013018e+005      3.81
  80      0   4.5  2.220961e+005      4.55
  80      5   4.5  2.201095e+005      4.47
  80     10   4.5  2.181065e+005      4.39
  80     15   4.5  2.161340e+005      4.32
  80    100   4.5  2.060833e+005      3.98
  80      0   5.0  2.261964e+005      4.72
  80      5   5.0  2.242256e+005      4.63
  80     10   5.0  2.222359e+005      4.56
  80     15   5.0  2.202749e+005      4.48
  80    100   5.0  2.105042e+005      4.14
  85      0   0.0  1.634169e+005      2.48
  85      5   0.0  1.615754e+005      2.44
  85     10   0.0  1.597344e+005      2.40
  85     15   0.0  1.579106e+005      2.36
  85    100   0.0  1.442853e+005      2.04
  85      0   0.5  1.754589e+005      2.86
  85      5   0.5  1.735809e+005      2.81
  85     10   0.5  1.717003e+005      2.76
  85     15   0.5  1.698363e+005      2.71
  85    100   0.5  1.566696e+005      2.38
  85      0   1.0  1.854576e+005      3.19
  85      5   1.0  1.835636e+005      3.13
  85     10   1.0  1.816634e+005      3.08
  85     15   1.0  1.797780e+005      3.03
  85    100   1.0  1.670519e+005      2.68
  85      0   1.5  1.940030e+005      3.49
  85      5   1.5  1.921065e+005      3.43
  85     10   1.5  1.901996e+005      3.37
  85     15   1.5  1.883056e+005      3.31
  85    100   1.5  1.760002e+005      2.95
  85      0   2.0  2.014449e+005      3.76
  85      5   2.0  1.995552e+005      3.69
  85     10   2.0  1.976511e+005      3.63
  85     15   2.0  1.957573e+005      3.57
  85    100   2.0  1.838537e+005      3.20
  85      0   2.5  2.080174e+005      4.00
  85      5   2.5  2.061411e+005      3.93
  85     10   2.5  2.042464e+005      3.87
  85     15   2.5  2.023593e+005      3.80
  85    100   2.5  1.908388e+005      3.43
  85      0   3.0  2.138861e+005      4.23
  85      5   3.0  2.120281e+005      4.16
  85     10   3.0  2.101477e+005      4.09
  85     15   3.0  2.082724e+005      4.02
  85    100   3.0  1.971169e+005      3.65
  85      0   3.5  2.191730e+005      4.44
  85      5   3.5  2.173371e+005      4.37
  85     10   3.5  2.154746e+005      4.29
  85     15   3.5  2.136148e+005      4.22
  85    100   3.5  2.028071e+005      3.85
  85      0   4.0  2.239709e+005      4.64
  85      5   4.0  2.221596e+005      4.56
  85     10   4.0  2.203181e+005      4.48
  85     15   4.0  2.184766e+005      4.41
  85    100   4.0  2.080000e+005      4.03
  85      0   4.5  2.283514e+005      4.83
  85      5   4.5  2.265670e+005      4.74
  85     10   4.5  2.247487e+005      4.66
  85     15   4.5  2.229274e+005      4.59
  85    100   4.5  2.127666e+005      4.21
  85      0   5.0  2.323712e+005      5.00
  85      5   5.0  2.306153e+005      4.92
  85     10   5.0  2.288218e+005      4.83
  85     15   5.0  2.270227e+005      4.76
  85    100   5.0  2.171633e+005      4.38
  90      0   0.0  1.690159e+005      2.63
  90      5   0.0  1.672616e+005      2.58
  90     10   0.0  1.654909e+005      2.54
  90     15   0.0  1.637185e+005      2.49
  90    100   0.0  1.498303e+005      2.15
  90      0   0.5  1.811297e+005      3.02
  90      5   0.5  1.793607e+005      2.97
  90     10   0.5  1.775698e+005      2.92
  90     15   0.5  1.757747e+005      2.87
  90    100   0.5  1.624143e+005      2.51
  90      0   1.0  1.911376e+005      3.37
  90      5   1.0  1.893728e+005      3.32
  90     10   1.0  1.875812e+005      3.26
  90     15   1.0  1.857813e+005      3.20
  90    100   1.0  1.729196e+005      2.83
  90      0   1.5  1.996528e+005      3.69
  90      5   1.5  1.979042e+005      3.62
  90     10   1.5  1.961235e+005      3.56
  90     15   1.5  1.943305e+005      3.50
  90    100   1.5  1.819379e+005      3.12
  90      0   2.0  2.070381e+005      3.97
  90      5   2.0  2.053134e+005      3.90
  90     10   2.0  2.035515e+005      3.84
  90     15   2.0  2.017734e+005      3.77
  90    100   2.0  1.898233e+005      3.38
  90      0   2.5  2.135357e+005      4.23
  90      5   2.5  2.118402e+005      4.16
  90     10   2.5  2.101023e+005      4.09
  90     15   2.5  2.083447e+005      4.02
  90    100   2.5  1.968130e+005      3.62
  90      0   3.0  2.193165e+005      4.47
  90      5   3.0  2.176537e+005      4.39
  90     10   3.0  2.159439e+005      4.32
  90     15   3.0  2.142105e+005      4.25
  90    100   3.0  2.030755e+005      3.85
  90      0   3.5  2.245064e+005      4.69
  90      5   3.5  2.228788e+005      4.61
  90     10   3.5  2.211996e+005      4.54
  90     15   3.5  2.194933e+005      4.46
  90    100   3.5  2.087346e+005      4.06
  90      0   4.0  2.292003e+005      4.90
  90      5   4.0  2.276096e+005      4.82
  90     10   4.0  2.259631e+005      4.74
  90     15   4.0  2.242858e+005      4.66
  90    100   4.0  2.138847e+005      4.25
  90      0   4.5  2.334719e+005      5.09
  90      5   4.5  2.319194e+005      5.01
  90     10   4.5  2.303068e+005      4.93
  90     15   4.5  2.286599e+005      4.85
  90    100   4.5  2.185992e+005      4.44
  90      0   5.0  2.373796e+005      5.27
  90      5   5.0  2.358659e+005      5.19
  90     10   5.0  2.342882e+005      5.10
  90     15   5.0  2.326727e+005      5.02
  90    100   5.0  2.229364e+005      4.62
  95      0   0.0  1.740498e+005      2.77
  95      5   0.0  1.723870e+005      2.72
  95     10   0.0  1.706953e+005      2.67
  95     15   0.0  1.689900e+005      2.63
  95    100   0.0  1.550362e+005      2.27
  95      0   0.5  1.861686e+005      3.19
  95      5   0.5  1.845111e+005      3.13
  95     10   0.5  1.828187e+005      3.08
  95     15   0.5  1.811083e+005      3.03
  95    100   0.5  1.677233e+005      2.64
  95      0   1.0  1.961254e+005      3.56
  95      5   1.0  1.944913e+005      3.50
  95     10   1.0  1.928161e+005      3.44
  95     15   1.0  1.911177e+005      3.38
  95    100   1.0  1.782708e+005      2.98
  95      0   1.5  2.045575e+005      3.89
  95      5   1.5  2.029566e+005      3.82
  95     10   1.5  2.013088e+005      3.75
  95     15   1.5  1.996328e+005      3.69
  95    100   1.5  1.872926e+005      3.28
  95      0   2.0  2.118398e+005      4.18
  95      5   2.0  2.102784e+005      4.11
  95     10   2.0  2.086643e+005      4.04
  95     15   2.0  2.070169e+005      3.98
  95    100   2.0  1.951552e+005      3.56
  95      0   2.5  2.182215e+005      4.45
  95      5   2.5  2.167031e+005      4.38
  95     10   2.5  2.151267e+005      4.31
  95     15   2.5  2.135123e+005      4.24
  95    100   2.5  2.021029e+005      3.81
  95      0   3.0  2.238781e+005      4.70
  95      5   3.0  2.224051e+005      4.62
  95     10   3.0  2.208690e+005      4.55
  95     15   3.0  2.192903e+005      4.48
  95    100   3.0  2.083092e+005      4.04
  95      0   3.5  2.289385e+005      4.93
  95      5   3.5  2.275120e+005      4.85
  95     10   3.5  2.260178e+005      4.77
  95     15   3.5  2.244766e+005      4.70
  95    100   3.5  2.139016e+005      4.26
  95      0   4.0  2.334998e+005      5.15
  95      5   4.0  2.321204e+005      5.06
  95     10   4.0  2.306691e+005      4.98
  95     15   4.0  2.291665e+005      4.90
  95    100   4.0  2.189770e+005      4.47
  95      0   4.5  2.376369e+005      5.35
  95      5   4.5  2.363051e+005      5.26
  95     10   4.5  2.348970e+005      5.18
  95     15   4.5  2.334337e+005      5.10
  95    100   4.5  2.236105e+005      4.66
  95      0   5.0  2.414093e+005      5.53
  95      5   5.0  2.401250e+005      5.45
  95     10   5.0  2.387605e+005      5.36
  95     15   5.0  2.373365e+005      5.28
  95    100   5.0  2.278619e+005      4.84
 100      0   0.0  1.785340e+005      2.92
 100      5   0.0  1.769687e+005      2.86
 100     10   0.0  1.753681e+005      2.81
 100     15   0.0  1.737410e+005      2.76
 100    100   0.0  1.596981e+005      2.38
 100      0   0.5  1.906017e+005      3.35
 100      5   0.5  1.890606e+005      3.30
 100     10   0.5  1.874774e+005      3.24
 100     15   0.5  1.858622e+005      3.18
 100    100   0.5  1.724603e+005      2.77
 100      0   1.0  2.004590e+005      3.74
 100      5   1.0  1.989585e+005      3.67
 100     10   1.0  1.974091e+005      3.61
 100     15   1.0  1.958218e+005      3.55
 100    100   1.0  1.830236e+005      3.12
 100      0   1.5  2.087666e+005      4.08
 100      5   1.5  2.073148e+005      4.01
 100     10   1.5  2.058076e+005      3.94
 100     15   1.5  2.042566e+005      3.88
 100    100   1.5  1.920222e+005      3.44
 100      0   2.0  2.159109e+005      4.39
 100      5   2.0  2.145118e+005      4.31
 100     10   2.0  2.130513e+005      4.24
 100     15   2.0  2.115420e+005      4.17
 100    100   2.0  1.998349e+005      3.73
 100      0   2.5  2.221471e+005      4.67
 100      5   2.5  2.208028e+005      4.59
 100     10   2.5  2.193917e+005      4.52
 100     15   2.5  2.179266e+005      4.44
 100    100   2.5  2.067144e+005      3.99
 100      0   3.0  2.276541e+005      4.92
 100      5   3.0  2.263659e+005      4.84
 100     10   3.0  2.250055e+005      4.77
 100     15   3.0  2.235860e+005      4.69
 100    100   3.0  2.128396e+005      4.24
 100      0   3.5  2.325635e+005      5.16
 100      5   3.5  2.313311e+005      5.08
 100     10   3.5  2.300218e+005      5.00
 100     15   3.5  2.286490e+005      4.92
 100    100   3.5  2.183421e+005      4.46
 100      0   4.0  2.369737e+005      5.38
 100      5   4.0  2.357969e+005      5.30
 100     10   4.0  2.345385e+005      5.22
 100     15   4.0  2.332125e+005      5.14
 100    100   4.0  2.233209e+005      4.68
 100      0   4.5  2.409607e+005      5.59
 100      5   4.5  2.398388e+005      5.50
 100     10   4.5  2.386311e+005      5.42
 100     15   4.5  2.373516e+005      5.34
 100    100   4.5  2.278534e+005      4.88
 100      0   5.0  2.445846e+005      5.78
 100      5   5.0  2.435169e+005      5.69
 100     10   5.0  2.423592e+005      5.61
 100     15   5.0  2.411259e+005      5.53
 100    100   5.0  2.320010e+005      5.06
 105      0   0.0  1.825494e+005      3.06
 105      5   0.0  1.810766e+005      3.01
 105     10   0.0  1.795645e+005      2.95
 105     15   0.0  1.780208e+005      2.90
 105    100   0.0  1.639682e+005      2.49
 105      0   0.5  1.945188e+005      3.52
 105      5   0.5  1.930874e+005      3.46
 105     10   0.5  1.916100e+005      3.40
 105     15   0.5  1.900942e+005      3.34
 105    100   0.5  1.767536e+005      2.90
 105      0   1.0  2.042354e+005      3.92
 105      5   1.0  2.028607e+005      3.85
 105     10   1.0  2.014327e+005      3.78
 105     15   1.0  1.999596e+005      3.72
 105    100   1.0  1.872893e+005      3.27
 105      0   1.5  2.123839e+005      4.27
 105      5   1.5  2.110721e+005      4.20
 105     10   1.5  2.096998e+005      4.13
 105     15   1.5  2.082764e+005      4.06
 105    100   1.5  1.962287e+005      3.60
 105      0   2.0  2.193612e+005      4.59
 105      5   2.0  2.181142e+005      4.51
 105     10   2.0  2.168010e+005      4.44
 105     15   2.0  2.154303e+005      4.37
 105    100   2.0  2.039613e+005      3.89
 105      0   2.5  2.254274e+005      4.88
 105      5   2.5  2.242458e+005      4.80
 105     10   2.5  2.229925e+005      4.72
 105     15   2.5  2.216763e+005      4.65
 105    100   2.5  2.107463e+005      4.17
 105      0   3.0  2.307644e+005      5.14
 105      5   3.0  2.296481e+005      5.06
 105     10   3.0  2.284548e+005      4.98
 105     15   3.0  2.271932e+005      4.91
 105    100   3.0  2.167675e+005      4.42
 105      0   3.5  2.355054e+005      5.39
 105      5   3.5  2.344532e+005      5.30
 105     10   3.5  2.333193e+005      5.22
 105     15   3.5  2.321119e+005      5.14
 105    100   3.5  2.221596e+005      4.66
 105      0   4.0  2.397496e+005      5.61
 105      5   4.0  2.387604e+005      5.53
 105     10   4.0  2.376846e+005      5.44
 105     15   4.0  2.365311e+005      5.36
 105    100   4.0  2.270240e+005      4.88
 105      0   4.5  2.435740e+005      5.82
 105      5   4.5  2.426462e+005      5.74
 105     10   4.5  2.416277e+005      5.65
 105     15   4.5  2.405267e+005      5.57
 105    100   4.5  2.314395e+005      5.08
 105      0   5.0  2.470388e+005      6.02
 105      5   5.0  2.461708e+005      5.93
 105     10   5.0  2.452082e+005      5.85
 105     15   5.0  2.441588e+005      5.76
 105    100   5.0  2.354687e+005      5.28
 110      0   0.0  1.861357e+005      3.21
 110      5   0.0  1.847536e+005      3.15
 110     10   0.0  1.833293e+005      3.09
 110     15   0.0  1.818692e+005      3.04
 110    100   0.0  1.678810e+005      2.60
 110      0   0.5  1.979689e+005      3.68
 110      5   0.5  1.966442e+005      3.62
 110     10   0.5  1.952702e+005      3.56
 110     15   0.5  1.938532e+005      3.49
 110    100   0.5  1.806447e+005      3.03
 110      0   1.0  2.075126e+005      4.10
 110      5   1.0  2.062593e+005      4.03
 110     10   1.0  2.049488e+005      3.96
 110     15   1.0  2.035882e+005      3.89
 110    100   1.0  1.911151e+005      3.41
 110      0   1.5  2.154762e+005      4.46
 110      5   1.5  2.142983e+005      4.39
 110     10   1.5  2.130558e+005      4.31
 110     15   1.5  2.117568e+005      4.24
 110    100   1.5  1.999648e+005      3.75
 110      0   2.0  2.222655e+005      4.79
 110      5   2.0  2.211633e+005      4.71
 110     10   2.0  2.199904e+005      4.63
 110     15   2.0  2.187543e+005      4.56
 110    100   2.0  2.075919e+005      4.06
 110      0   2.5  2.281451e+005      5.09
 110      5   2.5  2.271175e+005      5.00
 110     10   2.5  2.260135e+005      4.93
 110     15   2.5  2.248409e+005      4.85
 110    100   2.5  2.142619e+005      4.34
 110      0   3.0  2.332989e+005      5.36
 110      5   3.0  2.323446e+005      5.27
 110     10   3.0  2.313083e+005      5.19
 110     15   3.0  2.301979e+005      5.11
 110    100   3.0  2.201616e+005      4.60
 110      0   3.5  2.378611e+005      5.61
 110      5   3.5  2.369776e+005      5.52
 110     10   3.5  2.360074e+005      5.44
 110     15   3.5  2.349582e+005      5.36
 110    100   3.5  2.254283e+005      4.85
 110      0   4.0  2.419314e+005      5.84
 110      5   4.0  2.411168e+005      5.75
 110     10   4.0  2.402107e+005      5.66
 110     15   4.0  2.392212e+005      5.58
 110    100   4.0  2.301652e+005      5.07
 110      0   4.5  2.455869e+005      6.05
 110      5   4.5  2.448388e+005      5.96
 110     10   4.5  2.439950e+005      5.88
 110     15   4.5  2.430635e+005      5.79
 110    100   4.5  2.344527e+005      5.28
 110      0   5.0  2.488880e+005      6.25
 110      5   5.0  2.482042e+005      6.16
 110     10   5.0  2.474209e+005      6.07
 110     15   5.0  2.465455e+005      5.99
 110    100   5.0  2.383537e+005      5.48
 115      0   0.0  1.893364e+005      3.35
 115      5   0.0  1.880455e+005      3.29
 115     10   0.0  1.867074e+005      3.23
 115     15   0.0  1.853289e+005      3.18
 115    100   0.0  1.715640e+005      2.71
 115      0   0.5  2.010023e+005      3.85
 115      5   0.5  1.997830e+005      3.78
 115     10   0.5  1.985095e+005      3.71
 115     15   0.5  1.971882e+005      3.65
 115    100   0.5  1.842580e+005      3.16
 115      0   1.0  2.103480e+005      4.27
 115      5   1.0  2.092124e+005      4.20
 115     10   1.0  2.080155e+005      4.13
 115     15   1.0  2.067632e+005      4.06
 115    100   1.0  1.946190e+005      3.55
 115      0   1.5  2.181070e+005      4.65
 115      5   1.5  2.170570e+005      4.57
 115     10   1.5  2.159393e+005      4.50
 115     15   1.5  2.147595e+005      4.42
 115    100   1.5  2.033402e+005      3.91
 115      0   2.0  2.246933e+005      4.98
 115      5   2.0  2.237278e+005      4.90
 115     10   2.0  2.226888e+005      4.83
 115     15   2.0  2.215814e+005      4.75
 115    100   2.0  2.108299e+005      4.22
 115      0   2.5  2.303751e+005      5.29
 115      5   2.5  2.294913e+005      5.20
 115     10   2.5  2.285291e+005      5.12
 115     15   2.5  2.274928e+005      5.05
 115    100   2.5  2.173577e+005      4.52
 115      0   3.0  2.353375e+005      5.56
 115      5   3.0  2.345325e+005      5.48
 115     10   3.0  2.336447e+005      5.40
 115     15   3.0  2.326777e+005      5.32
 115    100   3.0  2.231139e+005      4.78
 115      0   3.5  2.397146e+005      5.82
 115      5   3.5  2.389857e+005      5.73
 115     10   3.5  2.381695e+005      5.65
 115     15   3.5  2.372694e+005      5.57
 115    100   3.5  2.282375e+005      5.03
 115      0   4.0  2.436070e+005      6.05
 115      5   4.0  2.429508e+005      5.97
 115     10   4.0  2.422038e+005      5.88
 115     15   4.0  2.413682e+005      5.80
 115    100   4.0  2.328326e+005      5.26
 115      0   4.5  2.470910e+005      6.27
 115      5   4.5  2.465049e+005      6.18
 115     10   4.5  2.458242e+005      6.10
 115     15   4.5  2.450508e+005      6.01
 115    100   4.5  2.369800e+005      5.48
 115      0   5.0  2.502270e+005      6.48
 115      5   5.0  2.497081e+005      6.39
 115     10   5.0  2.490914e+005      6.30
 115     15   5.0  2.483779e+005      6.21
 115    100   5.0  2.407436e+005      5.68
 120      0   0.0  1.921843e+005      3.50
 120      5   0.0  1.909832e+005      3.44
 120     10   0.0  1.897316e+005      3.38
 120     15   0.0  1.884346e+005      3.32
 120    100   0.0  1.748592e+005      2.83
 120      0   0.5  2.036593e+005      4.01
 120      5   0.5  2.025428e+005      3.94
 120     10   0.5  2.013680e+005      3.87
 120     15   0.5  2.001413e+005      3.81
 120    100   0.5  1.874665e+005      3.29
 120      0   1.0  2.127883e+005      4.45
 120      5   1.0  2.117666e+005      4.37
 120     10   1.0  2.106797e+005      4.30
 120     15   1.0  2.095333e+005      4.23
 120    100   1.0  1.977071e+005      3.70
 120      0   1.5  2.203291e+005      4.83
 120      5   1.5  2.194025e+005      4.75
 120     10   1.5  2.184038e+005      4.68
 120     15   1.5  2.173392e+005      4.60
 120    100   1.5  2.062929e+005      4.06
 120      0   2.0  2.267033e+005      5.18
 120      5   2.0  2.258685e+005      5.09
 120     10   2.0  2.249561e+005      5.01
 120     15   2.0  2.239717e+005      4.94
 120    100   2.0  2.136399e+005      4.39
 120      0   2.5  2.321810e+005      5.49
 120      5   2.5  2.314341e+005      5.40
 120     10   2.5  2.306045e+005      5.32
 120     15   2.5  2.296978e+005      5.24
 120    100   2.5  2.200222e+005      4.68
 120      0   3.0  2.369480e+005      5.77
 120      5   3.0  2.362853e+005      5.68
 120     10   3.0  2.355349e+005      5.60
 120     15   3.0  2.347028e+005      5.51
 120    100   3.0  2.256321e+005      4.96
 120      0   3.5  2.411389e+005      6.03
 120      5   3.5  2.405562e+005      5.94
 120     10   3.5  2.398815e+005      5.85
 120     15   3.5  2.391208e+005      5.77
 120    100   3.5  2.306099e+005      5.21
 120      0   4.0  2.448530e+005      6.26
 120      5   4.0  2.443463e+005      6.17
 120     10   4.0  2.437441e+005      6.09
 120     15   4.0  2.430518e+005      6.00
 120    100   4.0  2.350612e+005      5.45
 120      0   4.5  2.481666e+005      6.49
 120      5   4.5  2.477328e+005      6.39
 120     10   4.5  2.471997e+005      6.31
 120     15   4.5  2.465727e+005      6.22
 120    100   4.5  2.390672e+005      5.67
 120      0   5.0  2.511395e+005      6.69
 120      5   5.0  2.507752e+005      6.60
 120     10   5.0  2.503081e+005      6.51
 120     15   5.0  2.497437e+005      6.42
 120    100   5.0  2.426919e+005      5.88
 125      0   0.0  1.947133e+005      3.65
 125      5   0.0  1.936005e+005      3.58
 125     10   0.0  1.924339e+005      3.52
 125     15   0.0  1.912180e+005      3.46
 125    100   0.0  1.778829e+005      2.94
 125      0   0.5  2.059770e+005      4.18
 125      5   0.5  2.049604e+005      4.10
 125     10   0.5  2.038827e+005      4.03
 125     15   0.5  2.027483e+005      3.96
 125    100   0.5  1.903747e+005      3.42
 125      0   1.0  2.148733e+005      4.62
 125      5   1.0  2.139617e+005      4.55
 125     10   1.0  2.129819e+005      4.47
 125     15   1.0  2.119381e+005      4.40
 125    100   1.0  2.004709e+005      3.84
 125      0   1.5  2.221848e+005      5.02
 125      5   1.5  2.213762e+005      4.93
 125     10   1.5  2.204932e+005      4.86
 125     15   1.5  2.195397e+005      4.78
 125    100   1.5  2.089026e+005      4.21
 125      0   2.0  2.283394e+005      5.36
 125      5   2.0  2.276289e+005      5.28
 125     10   2.0  2.268389e+005      5.20
 125     15   2.0  2.259724e+005      5.12
 125    100   2.0  2.160926e+005      4.54
 125      0   2.5  2.336085e+005      5.68
 125      5   2.5  2.329909e+005      5.59
 125     10   2.5  2.322892e+005      5.51
 125     15   2.5  2.315058e+005      5.43
 125    100   2.5  2.223182e+005      4.85
 125      0   3.0  2.381781e+005      5.96
 125      5   3.0  2.376483e+005      5.88
 125     10   3.0  2.370302e+005      5.79
 125     15   3.0  2.363258e+005      5.71
 125    100   3.0  2.277736e+005      5.13
 125      0   3.5  2.421815e+005      6.23
 125      5   3.5  2.417348e+005      6.14
 125     10   3.5  2.411960e+005      6.05
 125     15   3.5  2.405667e+005      5.97
 125    100   3.5  2.325996e+005      5.39
 125      0   4.0  2.457179e+005      6.47
 125      5   4.0  2.453497e+005      6.38
 125     10   4.0  2.448860e+005      6.29
 125     15   4.0  2.443280e+005      6.20
 125    100   4.0  2.369026e+005      5.63
 125      0   4.5  2.488626e+005      6.69
 125      5   4.5  2.485689e+005      6.60
 125     10   4.5  2.481769e+005      6.51
 125     15   4.5  2.476867e+005      6.42
 125    100   4.5  2.407641e+005      5.86
 125      0   5.0  2.516746e+005      6.90
 125      5   5.0  2.514519e+005      6.81
 125     10   5.0  2.511276e+005      6.72
 125     15   5.0  2.507020e+005      6.63
 125    100   5.0  2.442482e+005      6.07
 130      0   0.0  1.969481e+005      3.80
 130      5   0.0  1.959261e+005      3.73
 130     10   0.0  1.948430e+005      3.66
 130     15   0.0  1.937072e+005      3.60
 130    100   0.0  1.806593e+005      3.05
 130      0   0.5  2.079866e+005      4.34
 130      5   0.5  2.070725e+005      4.26
 130     10   0.5  2.060879e+005      4.19
 130     15   0.5  2.050440e+005      4.12
 130    100   0.5  1.930128e+005      3.55
 130      0   1.0  2.166402e+005      4.80
 130      5   1.0  2.158415e+005      4.71
 130     10   1.0  2.149633e+005      4.64
 130     15   1.0  2.140187e+005      4.56
 130    100   1.0  2.029449e+005      3.98
 130      0   1.5  2.237165e+005      5.19
 130      5   1.5  2.230290e+005      5.11
 130     10   1.5  2.222541e+005      5.03
 130     15   1.5  2.214068e+005      4.95
 130    100   1.5  2.112067e+005      4.36
 130      0   2.0  2.296487e+005      5.55
 130      5   2.0  2.290661e+005      5.46
 130     10   2.0  2.283891e+005      5.38
 130     15   2.0  2.276341e+005      5.30
 130    100   2.0  2.182275e+005      4.70
 130      0   2.5  2.347089e+005      5.87
 130      5   2.5  2.342246e+005      5.78
 130     10   2.5  2.336397e+005      5.69
 130     15   2.5  2.329720e+005      5.61
 130    100   2.5  2.242875e+005      5.01
 130      0   3.0  2.390825e+005      6.16
 130      5   3.0  2.386901e+005      6.07
 130     10   3.0  2.381916e+005      5.98
 130     15   3.0  2.376063e+005      5.90
 130    100   3.0  2.295816e+005      5.30
 130      0   3.5  2.429016e+005      6.42
 130      5   3.5  2.425956e+005      6.33
 130     10   3.5  2.421783e+005      6.24
 130     15   3.5  2.416705e+005      6.16
 130    100   3.5  2.342518e+005      5.56
 130      0   4.0  2.462640e+005      6.66
 130      5   4.0  2.460394e+005      6.57
 130     10   4.0  2.456989e+005      6.48
 130     15   4.0  2.452642e+005      6.40
 130    100   4.0  2.384038e+005      5.81
 130      0   4.5  2.492442e+005      6.89
 130      5   4.5  2.490966e+005      6.80
 130     10   4.5  2.488285e+005      6.71
 130     15   4.5  2.484632e+005      6.62
 130    100   4.5  2.421196e+005      6.04
 130      0   5.0  2.519004e+005      7.10
 130      5   5.0  2.518255e+005      7.01
 130     10   5.0  2.516259e+005      6.92
 130     15   5.0  2.513265e+005      6.83
 130    100   5.0  2.454627e+005      6.25
 135      0   0.0  1.989249e+005      3.94
 135      5   0.0  1.979808e+005      3.87
 135     10   0.0  1.969810e+005      3.80
 135     15   0.0  1.959248e+005      3.73
 135    100   0.0  1.832027e+005      3.17
 135      0   0.5  2.097340e+005      4.50
 135      5   0.5  2.089010e+005      4.42
 135     10   0.5  2.080089e+005      4.34
 135     15   0.5  2.070534e+005      4.27
 135    100   0.5  1.954001e+005      3.67
 135      0   1.0  2.181438e+005      4.96
 135      5   1.0  2.174283e+005      4.88
 135     10   1.0  2.166503e+005      4.80
 135     15   1.0  2.158023e+005      4.72
 135    100   1.0  2.051536e+005      4.11
 135      0   1.5  2.249875e+005      5.36
 135      5   1.5  2.243836e+005      5.28
 135     10   1.5  2.237150e+005      5.20
 135     15   1.5  2.229702e+005      5.12
 135    100   1.5  2.132344e+005      4.50
 135      0   2.0  2.307025e+005      5.72
 135      5   2.0  2.302027e+005      5.64
 135     10   2.0  2.296360e+005      5.56
 135     15   2.0  2.289885e+005      5.47
 135    100   2.0  2.200780e+005      4.85
 135      0   2.5  2.355608e+005      6.04
 135      5   2.5  2.351574e+005      5.96
 135     10   2.5  2.346859e+005      5.87
 135     15   2.5  2.341292e+005      5.79
 135    100   2.5  2.259670e+005      5.17
 135      0   3.0  2.397463e+005      6.34
 135      5   3.0  2.394325e+005      6.25
 135     10   3.0  2.390499e+005      6.16
 135     15   3.0  2.385779e+005      6.08
 135    100   3.0  2.310968e+005      5.46
 135      0   3.5  2.433897e+005      6.60
 135      5   3.5  2.431594e+005      6.52
 135     10   3.5  2.428597e+005      6.43
 135     15   3.5  2.424673e+005      6.34
 135    100   3.5  2.356091e+005      5.73
 135      0   4.0  2.465876e+005      6.85
 135      5   4.0  2.464353e+005      6.76
 135     10   4.0  2.462134e+005      6.67
 135     15   4.0  2.458957e+005      6.59
 135    100   4.0  2.396100e+005      5.98
 135      0   4.5  2.494132e+005      7.07
 135      5   4.5  2.493343e+005      6.99
 135     10   4.5  2.491852e+005      6.90
 135     15   4.5  2.489380e+005      6.81
 135    100   4.5  2.431804e+005      6.21
 135      0   5.0  2.519235e+005      7.29
 135      5   5.0  2.519135e+005      7.20
 135     10   5.0  2.518336e+005      7.11
 135     15   5.0  2.516525e+005      7.02
 135    100   5.0  2.463844e+005      6.42
 140      0   0.0  2.007462e+005      4.07
 140      5   0.0  1.998401e+005      4.01
 140     10   0.0  1.989067e+005      3.94
 140     15   0.0  1.979228e+005      3.87
 140    100   0.0  1.855617e+005      3.28
 140      0   0.5  2.113600e+005      4.63
 140      5   0.5  2.105519e+005      4.56
 140     10   0.5  2.097265e+005      4.49
 140     15   0.5  2.088490e+005      4.42
 140    100   0.5  1.975992e+005      3.80
 140      0   1.0  2.195598e+005      5.10
 140      5   1.0  2.188570e+005      5.03
 140     10   1.0  2.181452e+005      4.95
 140     15   1.0  2.173795e+005      4.88
 140    100   1.0  2.071719e+005      4.25
 140      0   1.5  2.262053e+005      5.51
 140      5   1.5  2.256011e+005      5.44
 140     10   1.5  2.249972e+005      5.36
 140     15   1.5  2.243376e+005      5.28
 140    100   1.5  2.150720e+005      4.64
 140      0   2.0  2.317382e+005      5.87
 140      5   2.0  2.312246e+005      5.80
 140     10   2.0  2.307202e+005      5.72
 140     15   2.0  2.301594e+005      5.63
 140    100   2.0  2.217408e+005      5.00
 140      0   2.5  2.364295e+005      6.19
 140      5   2.5  2.359989e+005      6.12
 140     10   2.5  2.355862e+005      6.04
 140     15   2.5  2.351170e+005      5.95
 140    100   2.5  2.274626e+005      5.32
 140      0   3.0  2.404618e+005      6.48
 140      5   3.0  2.401070e+005      6.41
 140     10   3.0  2.397791e+005      6.33
 140     15   3.0  2.393949e+005      6.24
 140    100   3.0  2.324335e+005      5.62
 140      0   3.5  2.439640e+005      6.75
 140      5   3.5  2.436788e+005      6.68
 140     10   3.5  2.434298e+005      6.59
 140     15   3.5  2.431246e+005      6.51
 140    100   3.5  2.367948e+005      5.89
 140      0   4.0  2.470311e+005      7.00
 140      5   4.0  2.468107e+005      6.92
 140     10   4.0  2.466348e+005      6.84
 140     15   4.0  2.464034e+005      6.75
 140    100   4.0  2.406518e+005      6.14
 140      0   4.5  2.497351e+005      7.22
 140      5   4.5  2.495744e+005      7.15
 140     10   4.5  2.494672e+005      7.07
 140     15   4.5  2.493048e+005      6.98
 140    100   4.5  2.440856e+005      6.37
 140      0   5.0  2.521318e+005      7.43
 140      5   5.0  2.520271e+005      7.36
 140     10   5.0  2.519841e+005      7.28
 140     15   5.0  2.518868e+005      7.19
 140    100   5.0  2.471593e+005      6.59
