  30      0   0.0  1.119894e+005      1.94
  30      5   0.0  1.080138e+005      1.85
  30     10   0.0  1.061749e+005      1.80
  30     15   0.0  1.053285e+005      1.78
  30    100   0.0  1.049018e+005      1.77
  30      0   0.5  1.125138e+005      1.95
  30      5   0.5  1.085511e+005      1.86
  30     10   0.5  1.067404e+005      1.82
  30     15   0.5  1.059153e+005      1.80
  30    100   0.5  1.055316e+005      1.79
  30      0   1.0  1.130216e+005      1.96
  30      5   1.0  1.090751e+005      1.87
  30     10   1.0  1.072941e+005      1.83
  30     15   1.0  1.064908e+005      1.81
  30    100   1.0  1.061483e+005      1.80
  30      0   1.5  1.135137e+005      1.98
  30      5   1.5  1.095863e+005      1.88
  30     10   1.5  1.078364e+005      1.84
  30     15   1.5  1.070551e+005      1.82
  30    100   1.5  1.067520e+005      1.82
  30      0   2.0  1.139905e+005      1.99
  30      5   2.0  1.100849e+005      1.90
  30     10   2.0  1.083675e+005      1.86
  30     15   2.0  1.076085e+005      1.84
  30    100   2.0  1.073430e+005      1.83
  30      0   2.5  1.144526e+005      2.00
  30      5   2.5  1.105715e+005      1.91
  30     10   2.5  1.088876e+005      1.87
  30     15   2.5  1.081510e+005      1.85
  30    100   2.5  1.079214e+005      1.84
  30      0   3.0  1.149004e+005      2.01
  30      5   3.0  1.110462e+005      1.92
  30     10   3.0  1.093969e+005      1.88
  30     15   3.0  1.086828e+005      1.86
  30    100   3.0  1.084875e+005      1.86
  30      0   3.5  1.153346e+005      2.02
  30      5   3.5  1.115094e+005      1.93
  30     10   3.5  1.098956e+005      1.89
  30     15   3.5  1.092041e+005      1.88
  30    100   3.5  1.090413e+005      1.87
  30      0   4.0  1.157554e+005      2.03
  30      5   4.0  1.119615e+005      1.94
  30     10   4.0  1.103840e+005      1.90
  30     15   4.0  1.097150e+005      1.89
  30    100   4.0  1.095830e+005      1.88
  30      0   4.5  1.161635e+005      2.04
  30      5   4.5  1.124026e+005      1.95
  30     10   4.5  1.108621e+005      1.92
  30     15   4.5  1.102155e+005      1.90
  30    100   4.5  1.101128e+005      1.90
  30      0   5.0  1.165592e+005      2.05
  30      5   5.0  1.128331e+005      1.96
  30     10   5.0  1.113301e+005      1.93
  30     15   5.0  1.107059e+005      1.91
  30    100   5.0  1.106309e+005      1.91
  35      0   0.0  1.385502e+005      2.54
  35      5   0.0  1.362435e+005      2.49
  35     10   0.0  1.345751e+005      2.45
  35     15   0.0  1.336533e+005      2.42
  35    100   0.0  1.333157e+005      2.41
  35      0   0.5  1.390963e+005      2.56
  35      5   0.5  1.367890e+005      2.50
  35     10   0.5  1.351352e+005      2.46
  35     15   0.5  1.342377e+005      2.44
  35    100   0.5  1.339484e+005      2.43
  35      0   1.0  1.396238e+005      2.57
  35      5   1.0  1.373157e+005      2.52
  35     10   1.0  1.356763e+005      2.48
  35     15   1.0  1.348022e+005      2.45
  35    100   1.0  1.345578e+005      2.44
  35      0   1.5  1.401335e+005      2.58
  35      5   1.5  1.378247e+005      2.53
  35     10   1.5  1.361994e+005      2.49
  35     15   1.5  1.353482e+005      2.47
  35    100   1.5  1.351453e+005      2.46
  35      0   2.0  1.406265e+005      2.60
  35      5   2.0  1.383170e+005      2.54
  35     10   2.0  1.367055e+005      2.50
  35     15   2.0  1.358763e+005      2.48
  35    100   2.0  1.357120e+005      2.47
  35      0   2.5  1.411037e+005      2.61
  35      5   2.5  1.387933e+005      2.55
  35     10   2.5  1.371954e+005      2.52
  35     15   2.5  1.363877e+005      2.49
  35    100   2.5  1.362590e+005      2.49
  35      0   3.0  1.415658e+005      2.62
  35      5   3.0  1.392547e+005      2.57
  35     10   3.0  1.376701e+005      2.53
  35     15   3.0  1.368832e+005      2.51
  35    100   3.0  1.367875e+005      2.50
  35      0   3.5  1.420136e+005      2.63
  35      5   3.5  1.397017e+005      2.58
  35     10   3.5  1.381302e+005      2.54
  35     15   3.5  1.373634e+005      2.52
  35    100   3.5  1.372983e+005      2.52
  35      0   4.0  1.424479e+005      2.64
  35      5   4.0  1.401352e+005      2.59
  35     10   4.0  1.385766e+005      2.55
  35     15   4.0  1.378293e+005      2.53
  35    100   4.0  1.377925e+005      2.53
  35      0   4.5  1.428693e+005      2.66
  35      5   4.5  1.405558e+005      2.60
  35     10   4.5  1.390099e+005      2.56
  35     15   4.5  1.382815e+005      2.54
  35    100   4.5  1.382710e+005      2.54
  35      0   5.0  1.432784e+005      2.67
  35      5   5.0  1.409640e+005      2.61
  35     10   5.0  1.394307e+005      2.57
  35     15   5.0  1.387207e+005      2.56
  35    100   5.0  1.387344e+005      2.55
  40      0   0.0  1.634783e+005      3.12
  40      5   0.0  1.592429e+005      3.02
  40     10   0.0  1.569225e+005      2.97
  40     15   0.0  1.555334e+005      2.93
  40    100   0.0  1.545898e+005      2.90
  40      0   0.5  1.642265e+005      3.14
  40      5   0.5  1.599524e+005      3.04
  40     10   0.5  1.576312e+005      2.98
  40     15   0.5  1.562557e+005      2.95
  40    100   0.5  1.553598e+005      2.92
  40      0   1.0  1.649541e+005      3.16
  40      5   1.0  1.606419e+005      3.06
  40     10   1.0  1.583204e+005      3.00
  40     15   1.0  1.569585e+005      2.97
  40    100   1.0  1.561076e+005      2.94
  40      0   1.5  1.656620e+005      3.18
  40      5   1.5  1.613125e+005      3.08
  40     10   1.5  1.589910e+005      3.02
  40     15   1.5  1.576428e+005      2.99
  40    100   1.5  1.568345e+005      2.96
  40      0   2.0  1.663512e+005      3.20
  40      5   2.0  1.619651e+005      3.10
  40     10   2.0  1.596439e+005      3.04
  40     15   2.0  1.583095e+005      3.00
  40    100   2.0  1.575415e+005      2.98
  40      0   2.5  1.670225e+005      3.22
  40      5   2.5  1.626005e+005      3.11
  40     10   2.5  1.602801e+005      3.06
  40     15   2.5  1.589595e+005      3.02
  40    100   2.5  1.582296e+005      3.00
  40      0   3.0  1.676768e+005      3.24
  40      5   3.0  1.632196e+005      3.13
  40     10   3.0  1.609004e+005      3.07
  40     15   3.0  1.595936e+005      3.04
  40    100   3.0  1.589000e+005      3.02
  40      0   3.5  1.683148e+005      3.26
  40      5   3.5  1.638232e+005      3.15
  40     10   3.5  1.615055e+005      3.09
  40     15   3.5  1.602126e+005      3.06
  40    100   3.5  1.595533e+005      3.04
  40      0   4.0  1.689373e+005      3.27
  40      5   4.0  1.644119e+005      3.16
  40     10   4.0  1.620961e+005      3.11
  40     15   4.0  1.608171e+005      3.07
  40    100   4.0  1.601905e+005      3.05
  40      0   4.5  1.695450e+005      3.29
  40      5   4.5  1.649864e+005      3.18
  40     10   4.5  1.626729e+005      3.12
  40     15   4.5  1.614078e+005      3.09
  40    100   4.5  1.608123e+005      3.07
  40      0   5.0  1.701383e+005      3.31
  40      5   5.0  1.655473e+005      3.20
  40     10   5.0  1.632365e+005      3.14
  40     15   5.0  1.619854e+005      3.10
  40    100   5.0  1.614195e+005      3.09
  45      0   0.0  1.895513e+005      3.77
  45      5   0.0  1.863478e+005      3.69
  45     10   0.0  1.836223e+005      3.62
  45     15   0.0  1.815912e+005      3.56
  45    100   0.0  1.796964e+005      3.51
  45      0   0.5  1.904416e+005      3.80
  45      5   0.5  1.872332e+005      3.72
  45     10   0.5  1.845145e+005      3.64
  45     15   0.5  1.825014e+005      3.59
  45    100   0.5  1.806702e+005      3.53
  45      0   1.0  1.913056e+005      3.83
  45      5   1.0  1.880929e+005      3.74
  45     10   1.0  1.853814e+005      3.67
  45     15   1.0  1.833869e+005      3.61
  45    100   1.0  1.816169e+005      3.56
  45      0   1.5  1.921445e+005      3.85
  45      5   1.5  1.889280e+005      3.77
  45     10   1.5  1.862244e+005      3.69
  45     15   1.5  1.842486e+005      3.64
  45    100   1.5  1.825379e+005      3.59
  45      0   2.0  1.929595e+005      3.88
  45      5   2.0  1.897396e+005      3.79
  45     10   2.0  1.870443e+005      3.72
  45     15   2.0  1.850876e+005      3.66
  45    100   2.0  1.834342e+005      3.61
  45      0   2.5  1.937516e+005      3.90
  45      5   2.5  1.905289e+005      3.81
  45     10   2.5  1.878422e+005      3.74
  45     15   2.5  1.859048e+005      3.69
  45    100   2.5  1.843068e+005      3.64
  45      0   3.0  1.945218e+005      3.92
  45      5   3.0  1.912965e+005      3.84
  45     10   3.0  1.886191e+005      3.76
  45     15   3.0  1.867013e+005      3.71
  45    100   3.0  1.851569e+005      3.66
  45      0   3.5  1.952710e+005      3.95
  45      5   3.5  1.920437e+005      3.86
  45     10   3.5  1.893758e+005      3.79
  45     15   3.5  1.874778e+005      3.73
  45    100   3.5  1.859853e+005      3.69
  45      0   4.0  1.960001e+005      3.97
  45      5   4.0  1.927711e+005      3.88
  45     10   4.0  1.901131e+005      3.81
  45     15   4.0  1.882352e+005      3.76
  45    100   4.0  1.867930e+005      3.71
  45      0   4.5  1.967100e+005      3.99
  45      5   4.5  1.934796e+005      3.90
  45     10   4.5  1.908319e+005      3.83
  45     15   4.5  1.889741e+005      3.78
  45    100   4.5  1.875806e+005      3.73
  45      0   5.0  1.974014e+005      4.01
  45      5   5.0  1.941699e+005      3.92
  45     10   5.0  1.915328e+005      3.85
  45     15   5.0  1.896954e+005      3.80
  45    100   5.0  1.883491e+005      3.76
  50      0   0.0  2.094942e+005      4.32
  50      5   0.0  2.060960e+005      4.22
  50     10   0.0  2.035055e+005      4.15
  50     15   0.0  2.014939e+005      4.09
  50    100   0.0  1.987182e+005      4.00
  50      0   0.5  2.104555e+005      4.35
  50      5   0.5  2.070464e+005      4.25
  50     10   0.5  2.044591e+005      4.18
  50     15   0.5  2.024603e+005      4.12
  50    100   0.5  1.997595e+005      4.04
  50      0   1.0  2.113880e+005      4.38
  50      5   1.0  2.079683e+005      4.28
  50     10   1.0  2.053846e+005      4.21
  50     15   1.0  2.033988e+005      4.15
  50    100   1.0  2.007707e+005      4.07
  50      0   1.5  2.122933e+005      4.41
  50      5   1.5  2.088633e+005      4.31
  50     10   1.5  2.062833e+005      4.24
  50     15   1.5  2.043106e+005      4.18
  50    100   1.5  2.017530e+005      4.10
  50      0   2.0  2.131725e+005      4.44
  50      5   2.0  2.097324e+005      4.34
  50     10   2.0  2.071565e+005      4.26
  50     15   2.0  2.051969e+005      4.21
  50    100   2.0  2.027078e+005      4.13
  50      0   2.5  2.140268e+005      4.46
  50      5   2.5  2.105770e+005      4.36
  50     10   2.5  2.080054e+005      4.29
  50     15   2.5  2.060589e+005      4.23
  50    100   2.5  2.036363e+005      4.16
  50      0   3.0  2.148573e+005      4.49
  50      5   3.0  2.113981e+005      4.39
  50     10   3.0  2.088309e+005      4.32
  50     15   3.0  2.068977e+005      4.26
  50    100   3.0  2.045398e+005      4.18
  50      0   3.5  2.156651e+005      4.52
  50      5   3.5  2.121967e+005      4.42
  50     10   3.5  2.096341e+005      4.34
  50     15   3.5  2.077143e+005      4.29
  50    100   3.5  2.054192e+005      4.21
  50      0   4.0  2.164511e+005      4.54
  50      5   4.0  2.129738e+005      4.44
  50     10   4.0  2.104160e+005      4.37
  50     15   4.0  2.085095e+005      4.31
  50    100   4.0  2.062754e+005      4.24
  50      0   4.5  2.172164e+005      4.57
  50      5   4.5  2.137304e+005      4.47
  50     10   4.5  2.111774e+005      4.39
  50     15   4.5  2.092844e+005      4.34
  50    100   4.5  2.071096e+005      4.27
  50      0   5.0  2.179617e+005      4.59
  50      5   5.0  2.144673e+005      4.49
  50     10   5.0  2.119193e+005      4.42
  50     15   5.0  2.100397e+005      4.36
  50    100   5.0  2.079226e+005      4.29
  55      0   0.0  2.295820e+005      4.92
  55      5   0.0  2.261444e+005      4.81
  55     10   0.0  2.231753e+005      4.72
  55     15   0.0  2.208441e+005      4.64
  55    100   0.0  2.172809e+005      4.53
  55      0   0.5  2.306211e+005      4.96
  55      5   0.5  2.271779e+005      4.85
  55     10   0.5  2.242108e+005      4.75
  55     15   0.5  2.218898e+005      4.68
  55    100   0.5  2.184112e+005      4.56
  55      0   1.0  2.316291e+005      4.99
  55      5   1.0  2.281808e+005      4.88
  55     10   1.0  2.252159e+005      4.79
  55     15   1.0  2.229054e+005      4.71
  55    100   1.0  2.195091e+005      4.60
  55      0   1.5  2.326077e+005      5.03
  55      5   1.5  2.291546e+005      4.92
  55     10   1.5  2.261923e+005      4.82
  55     15   1.5  2.238922e+005      4.75
  55    100   1.5  2.205759e+005      4.64
  55      0   2.0  2.335581e+005      5.06
  55      5   2.0  2.301005e+005      4.95
  55     10   2.0  2.271412e+005      4.85
  55     15   2.0  2.248518e+005      4.78
  55    100   2.0  2.216131e+005      4.67
  55      0   2.5  2.344817e+005      5.09
  55      5   2.5  2.310200e+005      4.98
  55     10   2.5  2.280637e+005      4.89
  55     15   2.5  2.257852e+005      4.81
  55    100   2.5  2.226221e+005      4.71
  55      0   3.0  2.353797e+005      5.13
  55      5   3.0  2.319141e+005      5.01
  55     10   3.0  2.289613e+005      4.92
  55     15   3.0  2.266937e+005      4.84
  55    100   3.0  2.236042e+005      4.74
  55      0   3.5  2.362532e+005      5.16
  55      5   3.5  2.327840e+005      5.04
  55     10   3.5  2.298348e+005      4.95
  55     15   3.5  2.275784e+005      4.87
  55    100   3.5  2.245604e+005      4.77
  55      0   4.0  2.371032e+005      5.19
  55      5   4.0  2.336308e+005      5.07
  55     10   4.0  2.306855e+005      4.98
  55     15   4.0  2.284403e+005      4.90
  55    100   4.0  2.254919e+005      4.80
  55      0   4.5  2.379310e+005      5.22
  55      5   4.5  2.344555e+005      5.10
  55     10   4.5  2.315143e+005      5.01
  55     15   4.5  2.292804e+005      4.93
  55    100   4.5  2.263997e+005      4.83
  55      0   5.0  2.387372e+005      5.25
  55      5   5.0  2.352590e+005      5.13
  55     10   5.0  2.323220e+005      5.03
  55     15   5.0  2.300995e+005      4.96
  55    100   5.0  2.272849e+005      4.86
  60      0   0.0  2.445759e+005      5.44
  60      5   0.0  2.419107e+005      5.34
  60     10   0.0  2.393280e+005      5.25
  60     15   0.0  2.370330e+005      5.17
  60    100   0.0  2.326150e+005      5.01
  60      0   0.5  2.456187e+005      5.48
  60      5   0.5  2.429590e+005      5.38
  60     10   0.5  2.403838e+005      5.29
  60     15   0.5  2.381005e+005      5.21
  60    100   0.5  2.337719e+005      5.05
  60      0   1.0  2.466293e+005      5.52
  60      5   1.0  2.439752e+005      5.42
  60     10   1.0  2.414076e+005      5.33
  60     15   1.0  2.391361e+005      5.25
  60    100   1.0  2.348946e+005      5.09
  60      0   1.5  2.476092e+005      5.56
  60      5   1.5  2.449606e+005      5.46
  60     10   1.5  2.424010e+005      5.36
  60     15   1.5  2.401414e+005      5.28
  60    100   1.5  2.359847e+005      5.13
  60      0   2.0  2.485598e+005      5.59
  60      5   2.0  2.459170e+005      5.49
  60     10   2.0  2.433655e+005      5.40
  60     15   2.0  2.411177e+005      5.32
  60    100   2.0  2.370436e+005      5.17
  60      0   2.5  2.494826e+005      5.63
  60      5   2.5  2.468458e+005      5.53
  60     10   2.5  2.443023e+005      5.44
  60     15   2.5  2.420665e+005      5.36
  60    100   2.5  2.380729e+005      5.21
  60      0   3.0  2.503789e+005      5.67
  60      5   3.0  2.477480e+005      5.57
  60     10   3.0  2.452127e+005      5.47
  60     15   3.0  2.429889e+005      5.39
  60    100   3.0  2.390738e+005      5.25
  60      0   3.5  2.512497e+005      5.70
  60      5   3.5  2.486249e+005      5.60
  60     10   3.5  2.460979e+005      5.51
  60     15   3.5  2.438862e+005      5.42
  60    100   3.5  2.400475e+005      5.28
  60      0   4.0  2.520964e+005      5.74
  60      5   4.0  2.494776e+005      5.63
  60     10   4.0  2.469591e+005      5.54
  60     15   4.0  2.447594e+005      5.46
  60    100   4.0  2.409953e+005      5.32
  60      0   4.5  2.529198e+005      5.77
  60      5   4.5  2.503073e+005      5.67
  60     10   4.5  2.477972e+005      5.57
  60     15   4.5  2.456097e+005      5.49
  60    100   4.5  2.419182e+005      5.35
  60      0   5.0  2.537211e+005      5.80
  60      5   5.0  2.511149e+005      5.70
  60     10   5.0  2.486133e+005      5.60
  60     15   5.0  2.464379e+005      5.52
  60    100   5.0  2.428173e+005      5.39
  65      0   0.0  2.568656e+005      5.94
  65      5   0.0  2.542552e+005      5.83
  65     10   0.0  2.519218e+005      5.73
  65     15   0.0  2.498725e+005      5.65
  65    100   0.0  2.449978e+005      5.46
  65      0   0.5  2.578883e+005      5.99
  65      5   0.5  2.552858e+005      5.87
  65     10   0.5  2.529624e+005      5.77
  65     15   0.5  2.509261e+005      5.69
  65    100   0.5  2.461454e+005      5.50
  65      0   1.0  2.588781e+005      6.03
  65      5   1.0  2.562838e+005      5.91
  65     10   1.0  2.539703e+005      5.82
  65     15   1.0  2.519468e+005      5.73
  65    100   1.0  2.472577e+005      5.55
  65      0   1.5  2.598369e+005      6.07
  65      5   1.5  2.572507e+005      5.96
  65     10   1.5  2.549472e+005      5.86
  65     15   1.5  2.529366e+005      5.77
  65    100   1.5  2.483366e+005      5.59
  65      0   2.0  2.607661e+005      6.11
  65      5   2.0  2.581880e+005      6.00
  65     10   2.0  2.558945e+005      5.90
  65     15   2.0  2.538967e+005      5.81
  65    100   2.0  2.493834e+005      5.63
  65      0   2.5  2.616670e+005      6.15
  65      5   2.5  2.590972e+005      6.03
  65     10   2.5  2.568136e+005      5.94
  65     15   2.5  2.548285e+005      5.85
  65    100   2.5  2.503997e+005      5.68
  65      0   3.0  2.625411e+005      6.19
  65      5   3.0  2.599795e+005      6.07
  65     10   3.0  2.577059e+005      5.97
  65     15   3.0  2.557334e+005      5.89
  65    100   3.0  2.513869e+005      5.72
  65      0   3.5  2.633897e+005      6.23
  65      5   3.5  2.608363e+005      6.11
  65     10   3.5  2.585726e+005      6.01
  65     15   3.5  2.566127e+005      5.93
  65    100   3.5  2.523464e+005      5.75
  65      0   4.0  2.642137e+005      6.27
  65      5   4.0  2.616686e+005      6.15
  65     10   4.0  2.594147e+005      6.05
  65     15   4.0  2.574674e+005      5.96
  65    100   4.0  2.532793e+005      5.79
  65      0   4.5  2.650143e+005      6.30
  65      5   4.5  2.624775e+005      6.18
  65     10   4.5  2.602334e+005      6.08
  65     15   4.5  2.582986e+005      6.00
  65    100   4.5  2.541868e+005      5.83
  65      0   5.0  2.657927e+005      6.34
  65      5   5.0  2.632640e+005      6.22
  65     10   5.0  2.610298e+005      6.12
  65     15   5.0  2.591074e+005      6.03
  65    100   5.0  2.550699e+005      5.87
  70      0   0.0  2.671451e+005      6.46
  70      5   0.0  2.648569e+005      6.33
  70     10   0.0  2.626878e+005      6.22
  70     15   0.0  2.607427e+005      6.13
  70    100   0.0  2.555811e+005      5.91
  70      0   0.5  2.681189e+005      6.50
  70      5   0.5  2.658460e+005      6.38
  70     10   0.5  2.636918e+005      6.27
  70     15   0.5  2.617615e+005      6.18
  70    100   0.5  2.566996e+005      5.96
  70      0   1.0  2.690601e+005      6.55
  70      5   1.0  2.668023e+005      6.43
  70     10   1.0  2.646627e+005      6.32
  70     15   1.0  2.627473e+005      6.22
  70    100   1.0  2.577825e+005      6.00
  70      0   1.5  2.699701e+005      6.59
  70      5   1.5  2.677275e+005      6.47
  70     10   1.5  2.656023e+005      6.36
  70     15   1.5  2.637017e+005      6.27
  70    100   1.5  2.588312e+005      6.05
  70      0   2.0  2.708506e+005      6.64
  70      5   2.0  2.686231e+005      6.51
  70     10   2.0  2.665123e+005      6.40
  70     15   2.0  2.646263e+005      6.31
  70    100   2.0  2.598475e+005      6.10
  70      0   2.5  2.717030e+005      6.68
  70      5   2.5  2.694906e+005      6.55
  70     10   2.5  2.673938e+005      6.44
  70     15   2.5  2.655225e+005      6.35
  70    100   2.5  2.608330e+005      6.14
  70      0   3.0  2.725286e+005      6.72
  70      5   3.0  2.703311e+005      6.60
  70     10   3.0  2.682486e+005      6.48
  70     15   3.0  2.663916e+005      6.39
  70    100   3.0  2.617890e+005      6.18
  70      0   3.5  2.733288e+005      6.76
  70      5   3.5  2.711460e+005      6.64
  70     10   3.5  2.690776e+005      6.52
  70     15   3.5  2.672348e+005      6.43
  70    100   3.5  2.627170e+005      6.22
  70      0   4.0  2.741047e+005      6.80
  70      5   4.0  2.719366e+005      6.67
  70     10   4.0  2.698821e+005      6.56
  70     15   4.0  2.680535e+005      6.47
  70    100   4.0  2.636181e+005      6.27
  70      0   4.5  2.748573e+005      6.84
  70      5   4.5  2.727038e+005      6.71
  70     10   4.5  2.706632e+005      6.60
  70     15   4.5  2.688485e+005      6.51
  70    100   4.5  2.644936e+005      6.31
  70      0   5.0  2.755878e+005      6.88
  70      5   5.0  2.734488e+005      6.75
  70     10   5.0  2.714219e+005      6.64
  70     15   5.0  2.696211e+005      6.54
  70    100   5.0  2.653445e+005      6.34
  75      0   0.0  2.750984e+005      6.96
  75      5   0.0  2.732598e+005      6.83
  75     10   0.0  2.714019e+005      6.72
  75     15   0.0  2.696524e+005      6.62
  75    100   0.0  2.643650e+005      6.35
  75      0   0.5  2.759989e+005      7.01
  75      5   0.5  2.741813e+005      6.88
  75     10   0.5  2.723433e+005      6.77
  75     15   0.5  2.706124e+005      6.67
  75    100   0.5  2.654299e+005      6.41
  75      0   1.0  2.768673e+005      7.06
  75      5   1.0  2.750707e+005      6.93
  75     10   1.0  2.732521e+005      6.81
  75     15   1.0  2.715394e+005      6.71
  75    100   1.0  2.664590e+005      6.46
  75      0   1.5  2.777054e+005      7.10
  75      5   1.5  2.759294e+005      6.98
  75     10   1.5  2.741300e+005      6.86
  75     15   1.5  2.724355e+005      6.76
  75    100   1.5  2.674540e+005      6.50
  75      0   2.0  2.785147e+005      7.15
  75      5   2.0  2.767591e+005      7.02
  75     10   2.0  2.749786e+005      6.91
  75     15   2.0  2.733020e+005      6.80
  75    100   2.0  2.684166e+005      6.55
  75      0   2.5  2.792965e+005      7.19
  75      5   2.5  2.775611e+005      7.07
  75     10   2.5  2.757992e+005      6.95
  75     15   2.5  2.741401e+005      6.85
  75    100   2.5  2.693486e+005      6.60
  75      0   3.0  2.800524e+005      7.24
  75      5   3.0  2.783368e+005      7.11
  75     10   3.0  2.765934e+005      6.99
  75     15   3.0  2.749517e+005      6.89
  75    100   3.0  2.702511e+005      6.64
  75      0   3.5  2.807835e+005      7.28
  75      5   3.5  2.790874e+005      7.15
  75     10   3.5  2.773623e+005      7.03
  75     15   3.5  2.757376e+005      6.93
  75    100   3.5  2.711257e+005      6.69
  75      0   4.0  2.814909e+005      7.32
  75      5   4.0  2.798142e+005      7.19
  75     10   4.0  2.781071e+005      7.07
  75     15   4.0  2.764995e+005      6.97
  75    100   4.0  2.719736e+005      6.73
  75      0   4.5  2.821759e+005      7.36
  75      5   4.5  2.805183e+005      7.23
  75     10   4.5  2.788289e+005      7.11
  75     15   4.5  2.772380e+005      7.01
  75    100   4.5  2.727959e+005      6.77
  75      0   5.0  2.828393e+005      7.40
  75      5   5.0  2.812006e+005      7.27
  75     10   5.0  2.795288e+005      7.15
  75     15   5.0  2.779543e+005      7.05
  75    100   5.0  2.735940e+005      6.82
  80      0   0.0  2.806380e+005      7.42
  80      5   0.0  2.792765e+005      7.29
  80     10   0.0  2.778310e+005      7.18
  80     15   0.0  2.763728e+005      7.08
  80    100   0.0  2.712210e+005      6.78
  80      0   0.5  2.814531e+005      7.47
  80      5   0.5  2.801162e+005      7.34
  80     10   0.5  2.786934e+005      7.23
  80     15   0.5  2.772563e+005      7.13
  80    100   0.5  2.722142e+005      6.83
  80      0   1.0  2.822374e+005      7.52
  80      5   1.0  2.809244e+005      7.39
  80     10   1.0  2.795241e+005      7.28
  80     15   1.0  2.781079e+005      7.17
  80    100   1.0  2.731723e+005      6.88
  80      0   1.5  2.829927e+005      7.56
  80      5   1.5  2.817033e+005      7.44
  80     10   1.5  2.803249e+005      7.33
  80     15   1.5  2.789291e+005      7.22
  80    100   1.5  2.740968e+005      6.93
  80      0   2.0  2.837203e+005      7.61
  80      5   2.0  2.824541e+005      7.49
  80     10   2.0  2.810973e+005      7.37
  80     15   2.0  2.797216e+005      7.27
  80    100   2.0  2.749896e+005      6.98
  80      0   2.5  2.844218e+005      7.66
  80      5   2.5  2.831785e+005      7.53
  80     10   2.5  2.818428e+005      7.42
  80     15   2.5  2.804869e+005      7.31
  80    100   2.5  2.758521e+005      7.03
  80      0   3.0  2.850985e+005      7.70
  80      5   3.0  2.838775e+005      7.58
  80     10   3.0  2.825629e+005      7.46
  80     15   3.0  2.812262e+005      7.36
  80    100   3.0  2.766859e+005      7.08
  80      0   3.5  2.857515e+005      7.74
  80      5   3.5  2.845525e+005      7.62
  80     10   3.5  2.832584e+005      7.50
  80     15   3.5  2.819410e+005      7.40
  80    100   3.5  2.774923e+005      7.13
  80      0   4.0  2.863821e+005      7.79
  80      5   4.0  2.852048e+005      7.66
  80     10   4.0  2.839309e+005      7.55
  80     15   4.0  2.826322e+005      7.44
  80    100   4.0  2.782728e+005      7.17
  80      0   4.5  2.869913e+005      7.83
  80      5   4.5  2.858353e+005      7.70
  80     10   4.5  2.845813e+005      7.59
  80     15   4.5  2.833009e+005      7.48
  80    100   4.5  2.790282e+005      7.21
  80      0   5.0  2.875802e+005      7.87
  80      5   5.0  2.864451e+005      7.74
  80     10   5.0  2.852106e+005      7.63
  80     15   5.0  2.839484e+005      7.52
  80    100   5.0  2.797599e+005      7.26
  85      0   0.0  2.842168e+005      7.84
  85      5   0.0  2.832980e+005      7.72
  85     10   0.0  2.822493e+005      7.61
  85     15   0.0  2.811243e+005      7.50
  85    100   0.0  2.762822e+005      7.18
  85      0   0.5  2.849411e+005      7.90
  85      5   0.5  2.840492e+005      7.77
  85     10   0.5  2.830253e+005      7.66
  85     15   0.5  2.819229e+005      7.56
  85    100   0.5  2.771941e+005      7.23
  85      0   1.0  2.856363e+005      7.95
  85      5   1.0  2.847707e+005      7.82
  85     10   1.0  2.837711e+005      7.71
  85     15   1.0  2.826908e+005      7.61
  85    100   1.0  2.780718e+005      7.28
  85      0   1.5  2.863040e+005      7.99
  85      5   1.5  2.854643e+005      7.87
  85     10   1.5  2.844883e+005      7.76
  85     15   1.5  2.834298e+005      7.65
  85    100   1.5  2.789169e+005      7.34
  85      0   2.0  2.869457e+005      8.04
  85      5   2.0  2.861314e+005      7.92
  85     10   2.0  2.851787e+005      7.80
  85     15   2.0  2.841415e+005      7.70
  85    100   2.0  2.797314e+005      7.39
  85      0   2.5  2.875629e+005      8.09
  85      5   2.5  2.867732e+005      7.96
  85     10   2.5  2.858434e+005      7.85
  85     15   2.5  2.848270e+005      7.75
  85    100   2.5  2.805168e+005      7.44
  85      0   3.0  2.881565e+005      8.13
  85      5   3.0  2.873914e+005      8.01
  85     10   3.0  2.864838e+005      7.90
  85     15   3.0  2.854879e+005      7.79
  85    100   3.0  2.812743e+005      7.49
  85      0   3.5  2.887283e+005      8.18
  85      5   3.5  2.879868e+005      8.05
  85     10   3.5  2.871010e+005      7.94
  85     15   3.5  2.861252e+005      7.84
  85    100   3.5  2.820056e+005      7.53
  85      0   4.0  2.892787e+005      8.22
  85      5   4.0  2.885608e+005      8.10
  85     10   4.0  2.876965e+005      7.98
  85     15   4.0  2.867402e+005      7.88
  85    100   4.0  2.827115e+005      7.58
  85      0   4.5  2.898091e+005      8.26
  85      5   4.5  2.891143e+005      8.14
  85     10   4.5  2.882711e+005      8.02
  85     15   4.5  2.873339e+005      7.92
  85    100   4.5  2.833937e+005      7.62
  85      0   5.0  2.903206e+005      8.30
  85      5   5.0  2.896484e+005      8.18
  85     10   5.0  2.888258e+005      8.06
  85     15   5.0  2.879075e+005      7.96
  85    100   5.0  2.840531e+005      7.67
  90      0   0.0  2.861803e+005      8.23
  90      5   0.0  2.856733e+005      8.11
  90     10   0.0  2.849969e+005      8.00
  90     15   0.0  2.841961e+005      7.90
  90    100   0.0  2.798309e+005      7.55
  90      0   0.5  2.868165e+005      8.28
  90      5   0.5  2.863367e+005      8.16
  90     10   0.5  2.856859e+005      8.05
  90     15   0.5  2.849083e+005      7.95
  90    100   0.5  2.806576e+005      7.60
  90      0   1.0  2.874250e+005      8.33
  90      5   1.0  2.869724e+005      8.21
  90     10   1.0  2.863463e+005      8.10
  90     15   1.0  2.855916e+005      8.00
  90    100   1.0  2.814513e+005      7.66
  90      0   1.5  2.880082e+005      8.38
  90      5   1.5  2.875819e+005      8.26
  90     10   1.5  2.869800e+005      8.15
  90     15   1.5  2.862476e+005      8.05
  90    100   1.5  2.822142e+005      7.71
  90      0   2.0  2.885671e+005      8.43
  90      5   2.0  2.881666e+005      8.31
  90     10   2.0  2.875884e+005      8.20
  90     15   2.0  2.868775e+005      8.10
  90    100   2.0  2.829477e+005      7.76
  90      0   2.5  2.891028e+005      8.48
  90      5   2.5  2.887277e+005      8.36
  90     10   2.5  2.881728e+005      8.25
  90     15   2.5  2.874831e+005      8.14
  90    100   2.5  2.836532e+005      7.81
  90      0   3.0  2.896170e+005      8.52
  90      5   3.0  2.892666e+005      8.40
  90     10   3.0  2.887342e+005      8.29
  90     15   3.0  2.880654e+005      8.19
  90    100   3.0  2.843324e+005      7.86
  90      0   3.5  2.901105e+005      8.56
  90      5   3.5  2.897843e+005      8.44
  90     10   3.5  2.892741e+005      8.33
  90     15   3.5  2.886256e+005      8.23
  90    100   3.5  2.849865e+005      7.91
  90      0   4.0  2.905844e+005      8.61
  90      5   4.0  2.902821e+005      8.49
  90     10   4.0  2.897933e+005      8.38
  90     15   4.0  2.891647e+005      8.28
  90    100   4.0  2.856167e+005      7.95
  90      0   4.5  2.910397e+005      8.65
  90      5   4.5  2.907606e+005      8.53
  90     10   4.5  2.902934e+005      8.42
  90     15   4.5  2.896840e+005      8.32
  90    100   4.5  2.862242e+005      8.00
  90      0   5.0  2.914776e+005      8.69
  90      5   5.0  2.912213e+005      8.57
  90     10   5.0  2.907748e+005      8.46
  90     15   5.0  2.901844e+005      8.36
  90    100   5.0  2.868102e+005      8.04
  95      0   0.0  2.868202e+005      8.60
  95      5   0.0  2.866827e+005      8.48
  95     10   0.0  2.863582e+005      8.37
  95     15   0.0  2.858680e+005      8.27
  95    100   0.0  2.821004e+005      7.89
  95      0   0.5  2.873701e+005      8.65
  95      5   0.5  2.872603e+005      8.53
  95     10   0.5  2.869615e+005      8.42
  95     15   0.5  2.864950e+005      8.32
  95    100   0.5  2.828414e+005      7.95
  95      0   1.0  2.878947e+005      8.70
  95      5   1.0  2.878120e+005      8.58
  95     10   1.0  2.875385e+005      8.47
  95     15   1.0  2.870950e+005      8.37
  95    100   1.0  2.835511e+005      8.01
  95      0   1.5  2.883954e+005      8.75
  95      5   1.5  2.883393e+005      8.63
  95     10   1.5  2.880904e+005      8.52
  95     15   1.5  2.876691e+005      8.42
  95    100   1.5  2.842315e+005      8.06
  95      0   2.0  2.888737e+005      8.79
  95      5   2.0  2.888435e+005      8.68
  95     10   2.0  2.886185e+005      8.57
  95     15   2.0  2.882191e+005      8.46
  95    100   2.0  2.848842e+005      8.11
  95      0   2.5  2.893306e+005      8.84
  95      5   2.5  2.893259e+005      8.72
  95     10   2.5  2.891244e+005      8.61
  95     15   2.5  2.887462e+005      8.51
  95    100   2.5  2.855104e+005      8.16
  95      0   3.0  2.897677e+005      8.89
  95      5   3.0  2.897876e+005      8.77
  95     10   3.0  2.896091e+005      8.66
  95     15   3.0  2.892515e+005      8.56
  95    100   3.0  2.861116e+005      8.21
  95      0   3.5  2.901856e+005      8.93
  95      5   3.5  2.902297e+005      8.81
  95     10   3.5  2.900735e+005      8.70
  95     15   3.5  2.897364e+005      8.60
  95    100   3.5  2.866893e+005      8.26
  95      0   4.0  2.905853e+005      8.97
  95      5   4.0  2.906533e+005      8.85
  95     10   4.0  2.905190e+005      8.74
  95     15   4.0  2.902017e+005      8.64
  95    100   4.0  2.872442e+005      8.30
  95      0   4.5  2.909681e+005      9.01
  95      5   4.5  2.910594e+005      8.90
  95     10   4.5  2.909464e+005      8.79
  95     15   4.5  2.906483e+005      8.69
  95    100   4.5  2.877779e+005      8.35
  95      0   5.0  2.913345e+005      9.05
  95      5   5.0  2.914485e+005      8.94
  95     10   5.0  2.913567e+005      8.83
  95     15   5.0  2.910774e+005      8.73
  95    100   5.0  2.882913e+005      8.39
 100      0   0.0  2.864634e+005      8.93
 100      5   0.0  2.866526e+005      8.82
 100     10   0.0  2.866333e+005      8.71
 100     15   0.0  2.864310e+005      8.61
 100    100   0.0  2.833300e+005      8.22
 100      0   0.5  2.869330e+005      8.98
 100      5   0.5  2.871497e+005      8.87
 100     10   0.5  2.871558e+005      8.76
 100     15   0.5  2.869770e+005      8.66
 100    100   0.5  2.839886e+005      8.27
 100      0   1.0  2.873791e+005      9.03
 100      5   1.0  2.876228e+005      8.92
 100     10   1.0  2.876537e+005      8.81
 100     15   1.0  2.874976e+005      8.71
 100    100   1.0  2.846178e+005      8.33
 100      0   1.5  2.878032e+005      9.08
 100      5   1.5  2.880731e+005      8.97
 100     10   1.5  2.881283e+005      8.86
 100     15   1.5  2.879945e+005      8.76
 100    100   1.5  2.852192e+005      8.38
 100      0   2.0  2.882066e+005      9.13
 100      5   2.0  2.885021e+005      9.01
 100     10   2.0  2.885808e+005      8.91
 100     15   2.0  2.884686e+005      8.80
 100    100   2.0  2.857944e+005      8.43
 100      0   2.5  2.885904e+005      9.18
 100      5   2.5  2.889110e+005      9.06
 100     10   2.5  2.890127e+005      8.95
 100     15   2.5  2.889216e+005      8.85
 100    100   2.5  2.863449e+005      8.48
 100      0   3.0  2.889556e+005      9.22
 100      5   3.0  2.893006e+005      9.10
 100     10   3.0  2.894249e+005      9.00
 100     15   3.0  2.893542e+005      8.90
 100    100   3.0  2.868717e+005      8.53
 100      0   3.5  2.893033e+005      9.26
 100      5   3.5  2.896724e+005      9.15
 100     10   3.5  2.898185e+005      9.04
 100     15   3.5  2.897679e+005      8.94
 100    100   3.5  2.873764e+005      8.58
 100      0   4.0  2.896347e+005      9.31
 100      5   4.0  2.900271e+005      9.19
 100     10   4.0  2.901947e+005      9.08
 100     15   4.0  2.901634e+005      8.98
 100    100   4.0  2.878599e+005      8.63
 100      0   4.5  2.899502e+005      9.35
 100      5   4.5  2.903655e+005      9.23
 100     10   4.5  2.905540e+005      9.12
 100     15   4.5  2.905420e+005      9.02
 100    100   4.5  2.883236e+005      8.67
 100      0   5.0  2.902507e+005      9.39
 100      5   5.0  2.906886e+005      9.27
 100     10   5.0  2.908977e+005      9.16
 100     15   5.0  2.909042e+005      9.07
 100    100   5.0  2.887681e+005      8.72
 105      0   0.0  2.852174e+005      9.26
 105      5   0.0  2.857089e+005      9.14
 105     10   0.0  2.859844e+005      9.03
 105     15   0.0  2.860482e+005      8.93
 105    100   0.0  2.836708e+005      8.53
 105      0   0.5  2.856100e+005      9.31
 105      5   0.5  2.861286e+005      9.19
 105     10   0.5  2.864296e+005      9.08
 105     15   0.5  2.865164e+005      8.98
 105    100   0.5  2.842495e+005      8.58
 105      0   1.0  2.859811e+005      9.36
 105      5   1.0  2.865264e+005      9.24
 105     10   1.0  2.868519e+005      9.13
 105     15   1.0  2.869612e+005      9.03
 105    100   1.0  2.848008e+005      8.64
 105      0   1.5  2.863318e+005      9.41
 105      5   1.5  2.869033e+005      9.29
 105     10   1.5  2.872528e+005      9.18
 105     15   1.5  2.873838e+005      9.08
 105    100   1.5  2.853259e+005      8.69
 105      0   2.0  2.866634e+005      9.45
 105      5   2.0  2.872602e+005      9.34
 105     10   2.0  2.876335e+005      9.23
 105     15   2.0  2.877857e+005      9.13
 105    100   2.0  2.858264e+005      8.74
 105      0   2.5  2.869773e+005      9.50
 105      5   2.5  2.875989e+005      9.38
 105     10   2.5  2.879947e+005      9.27
 105     15   2.5  2.881677e+005      9.17
 105    100   2.5  2.863039e+005      8.79
 105      0   3.0  2.872740e+005      9.54
 105      5   3.0  2.879198e+005      9.43
 105     10   3.0  2.883381e+005      9.32
 105     15   3.0  2.885312e+005      9.22
 105    100   3.0  2.867592e+005      8.84
 105      0   3.5  2.875548e+005      9.59
 105      5   3.5  2.882243e+005      9.47
 105     10   3.5  2.886644e+005      9.36
 105     15   3.5  2.888771e+005      9.26
 105    100   3.5  2.871939e+005      8.89
 105      0   4.0  2.878205e+005      9.63
 105      5   4.0  2.885132e+005      9.51
 105     10   4.0  2.889745e+005      9.40
 105     15   4.0  2.892062e+005      9.30
 105    100   4.0  2.876087e+005      8.93
 105      0   4.5  2.880718e+005      9.67
 105      5   4.5  2.887870e+005      9.55
 105     10   4.5  2.892692e+005      9.45
 105     15   4.5  2.895198e+005      9.35
 105    100   4.5  2.880049e+005      8.98
 105      0   5.0  2.883095e+005      9.71
 105      5   5.0  2.890470e+005      9.59
 105     10   5.0  2.895495e+005      9.49
 105     15   5.0  2.898183e+005      9.39
 105    100   5.0  2.883835e+005      9.02
 110      0   0.0  2.833260e+005      9.57
 110      5   0.0  2.840865e+005      9.45
 110     10   0.0  2.846169e+005      9.34
 110     15   0.0  2.849273e+005      9.24
 110    100   0.0  2.833028e+005      8.82
 110      0   0.5  2.836468e+005      9.62
 110      5   0.5  2.844343e+005      9.50
 110     10   0.5  2.849893e+005      9.39
 110     15   0.5  2.853225e+005      9.29
 110    100   0.5  2.838060e+005      8.87
 110      0   1.0  2.839479e+005      9.67
 110      5   1.0  2.847616e+005      9.55
 110     10   1.0  2.853410e+005      9.44
 110     15   1.0  2.856960e+005      9.34
 110    100   1.0  2.842833e+005      8.93
 110      0   1.5  2.842307e+005      9.72
 110      5   1.5  2.850697e+005      9.60
 110     10   1.5  2.856726e+005      9.49
 110     15   1.5  2.860491e+005      9.39
 110    100   1.5  2.847363e+005      8.98
 110      0   2.0  2.844958e+005      9.76
 110      5   2.0  2.853598e+005      9.64
 110     10   2.0  2.859856e+005      9.53
 110     15   2.0  2.863830e+005      9.43
 110    100   2.0  2.851663e+005      9.03
 110      0   2.5  2.847448e+005      9.81
 110      5   2.5  2.856328e+005      9.69
 110     10   2.5  2.862811e+005      9.58
 110     15   2.5  2.866987e+005      9.48
 110    100   2.5  2.855745e+005      9.08
 110      0   3.0  2.849779e+005      9.85
 110      5   3.0  2.858900e+005      9.73
 110     10   3.0  2.865598e+005      9.62
 110     15   3.0  2.869972e+005      9.52
 110    100   3.0  2.859623e+005      9.13
 110      0   3.5  2.851967e+005      9.90
 110      5   3.5  2.861318e+005      9.78
 110     10   3.5  2.868231e+005      9.67
 110     15   3.5  2.872796e+005      9.57
 110    100   3.5  2.863309e+005      9.18
 110      0   4.0  2.854016e+005      9.94
 110      5   4.0  2.863594e+005      9.82
 110     10   4.0  2.870714e+005      9.71
 110     15   4.0  2.875467e+005      9.61
 110    100   4.0  2.866811e+005      9.23
 110      0   4.5  2.855934e+005      9.98
 110      5   4.5  2.865735e+005      9.86
 110     10   4.5  2.873057e+005      9.75
 110     15   4.5  2.877992e+005      9.65
 110    100   4.5  2.870139e+005      9.27
 110      0   5.0  2.857731e+005     10.02
 110      5   5.0  2.867747e+005      9.90
 110     10   5.0  2.875267e+005      9.79
 110     15   5.0  2.880383e+005      9.69
 110    100   5.0  2.873301e+005      9.32
 115      0   0.0  2.809363e+005      9.87
 115      5   0.0  2.819050e+005      9.75
 115     10   0.0  2.826660e+005      9.63
 115     15   0.0  2.832010e+005      9.53
 115    100   0.0  2.823419e+005      9.10
 115      0   0.5  2.811911e+005      9.92
 115      5   0.5  2.821854e+005      9.80
 115     10   0.5  2.829706e+005      9.69
 115     15   0.5  2.835279e+005      9.58
 115    100   0.5  2.827733e+005      9.16
 115      0   1.0  2.814278e+005      9.97
 115      5   1.0  2.824471e+005      9.85
 115     10   1.0  2.832558e+005      9.74
 115     15   1.0  2.838346e+005      9.63
 115    100   1.0  2.831807e+005      9.21
 115      0   1.5  2.816478e+005     10.01
 115      5   1.5  2.826911e+005      9.90
 115     10   1.5  2.835229e+005      9.78
 115     15   1.5  2.841225e+005      9.68
 115    100   1.5  2.835653e+005      9.26
 115      0   2.0  2.818518e+005     10.06
 115      5   2.0  2.829189e+005      9.94
 115     10   2.0  2.837728e+005      9.83
 115     15   2.0  2.843927e+005      9.73
 115    100   2.0  2.839285e+005      9.31
 115      0   2.5  2.820408e+005     10.11
 115      5   2.5  2.831309e+005      9.99
 115     10   2.5  2.840066e+005      9.88
 115     15   2.5  2.846464e+005      9.77
 115    100   2.5  2.842716e+005      9.36
 115      0   3.0  2.822158e+005     10.15
 115      5   3.0  2.833284e+005     10.03
 115     10   3.0  2.842253e+005      9.92
 115     15   3.0  2.848843e+005      9.82
 115    100   3.0  2.845956e+005      9.41
 115      0   3.5  2.823773e+005     10.19
 115      5   3.5  2.835122e+005     10.08
 115     10   3.5  2.844296e+005      9.97
 115     15   3.5  2.851073e+005      9.86
 115    100   3.5  2.849018e+005      9.46
 115      0   4.0  2.825266e+005     10.24
 115      5   4.0  2.836828e+005     10.12
 115     10   4.0  2.846203e+005     10.01
 115     15   4.0  2.853163e+005      9.91
 115    100   4.0  2.851910e+005      9.51
 115      0   4.5  2.826641e+005     10.28
 115      5   4.5  2.838413e+005     10.16
 115     10   4.5  2.847984e+005     10.05
 115     15   4.5  2.855123e+005      9.95
 115    100   4.5  2.854640e+005      9.55
 115      0   5.0  2.827904e+005     10.32
 115      5   5.0  2.839881e+005     10.20
 115     10   5.0  2.849646e+005     10.09
 115     15   5.0  2.856956e+005      9.99
 115    100   5.0  2.857218e+005      9.60
 120      0   0.0  2.781972e+005     10.15
 120      5   0.0  2.793644e+005     10.03
 120     10   0.0  2.803076e+005      9.92
 120     15   0.0  2.810342e+005      9.82
 120    100   0.0  2.809417e+005      9.37
 120      0   0.5  2.783919e+005     10.20
 120      5   0.5  2.795836e+005     10.08
 120     10   0.5  2.805499e+005      9.97
 120     15   0.5  2.812979e+005      9.87
 120    100   0.5  2.813064e+005      9.43
 120      0   1.0  2.785702e+005     10.25
 120      5   1.0  2.797858e+005     10.13
 120     10   1.0  2.807745e+005     10.02
 120     15   1.0  2.815432e+005      9.92
 120    100   1.0  2.816489e+005      9.48
 120      0   1.5  2.787331e+005     10.30
 120      5   1.5  2.799720e+005     10.18
 120     10   1.5  2.809822e+005     10.07
 120     15   1.5  2.817712e+005      9.97
 120    100   1.5  2.819701e+005      9.53
 120      0   2.0  2.788815e+005     10.35
 120      5   2.0  2.801430e+005     10.23
 120     10   2.0  2.811747e+005     10.12
 120     15   2.0  2.819830e+005     10.01
 120    100   2.0  2.822715e+005      9.58
 120      0   2.5  2.790165e+005     10.39
 120      5   2.5  2.803001e+005     10.27
 120     10   2.5  2.813521e+005     10.16
 120     15   2.5  2.821795e+005     10.06
 120    100   2.5  2.825546e+005      9.63
 120      0   3.0  2.791385e+005     10.44
 120      5   3.0  2.804438e+005     10.32
 120     10   3.0  2.815160e+005     10.21
 120     15   3.0  2.823618e+005     10.10
 120    100   3.0  2.828195e+005      9.68
 120      0   3.5  2.792487e+005     10.48
 120      5   3.5  2.805748e+005     10.36
 120     10   3.5  2.816666e+005     10.25
 120     15   3.5  2.825306e+005     10.15
 120    100   3.5  2.830682e+005      9.73
 120      0   4.0  2.793477e+005     10.52
 120      5   4.0  2.806942e+005     10.40
 120     10   4.0  2.818050e+005     10.29
 120     15   4.0  2.826863e+005     10.19
 120    100   4.0  2.833010e+005      9.78
 120      0   4.5  2.794361e+005     10.56
 120      5   4.5  2.808025e+005     10.44
 120     10   4.5  2.819319e+005     10.33
 120     15   4.5  2.828303e+005     10.23
 120    100   4.5  2.835189e+005      9.82
 120      0   5.0  2.795142e+005     10.60
 120      5   5.0  2.809003e+005     10.48
 120     10   5.0  2.820476e+005     10.37
 120     15   5.0  2.829627e+005     10.27
 120    100   5.0  2.837229e+005      9.87
 125      0   0.0  2.751247e+005     10.43
 125      5   0.0  2.764617e+005     10.31
 125     10   0.0  2.775848e+005     10.20
 125     15   0.0  2.784828e+005     10.09
 125    100   0.0  2.791393e+005      9.63
 125      0   0.5  2.752643e+005     10.48
 125      5   0.5  2.766245e+005     10.36
 125     10   0.5  2.777695e+005     10.25
 125     15   0.5  2.786880e+005     10.14
 125    100   0.5  2.794419e+005      9.69
 125      0   1.0  2.753888e+005     10.53
 125      5   1.0  2.767715e+005     10.41
 125     10   1.0  2.779380e+005     10.30
 125     15   1.0  2.788764e+005     10.19
 125    100   1.0  2.797236e+005      9.74
 125      0   1.5  2.754993e+005     10.58
 125      5   1.5  2.769041e+005     10.46
 125     10   1.5  2.780914e+005     10.35
 125     15   1.5  2.790490e+005     10.24
 125    100   1.5  2.799856e+005      9.79
 125      0   2.0  2.755968e+005     10.63
 125      5   2.0  2.770230e+005     10.51
 125     10   2.0  2.782306e+005     10.39
 125     15   2.0  2.792067e+005     10.29
 125    100   2.0  2.802294e+005      9.85
 125      0   2.5  2.756819e+005     10.67
 125      5   2.5  2.771290e+005     10.55
 125     10   2.5  2.783563e+005     10.44
 125     15   2.5  2.793505e+005     10.33
 125    100   2.5  2.804558e+005      9.90
 125      0   3.0  2.757556e+005     10.72
 125      5   3.0  2.772231e+005     10.60
 125     10   3.0  2.784695e+005     10.48
 125     15   3.0  2.794813e+005     10.38
 125    100   3.0  2.806660e+005      9.94
 125      0   3.5  2.758186e+005     10.76
 125      5   3.5  2.773060e+005     10.64
 125     10   3.5  2.785709e+005     10.53
 125     15   3.5  2.795998e+005     10.42
 125    100   3.5  2.808608e+005      9.99
 125      0   4.0  2.758713e+005     10.80
 125      5   4.0  2.773781e+005     10.68
 125     10   4.0  2.786610e+005     10.57
 125     15   4.0  2.797068e+005     10.46
 125    100   4.0  2.810411e+005     10.04
 125      0   4.5  2.759145e+005     10.84
 125      5   4.5  2.774401e+005     10.72
 125     10   4.5  2.787409e+005     10.61
 125     15   4.5  2.798029e+005     10.51
 125    100   4.5  2.812078e+005     10.08
 125      0   5.0  2.759487e+005     10.88
 125      5   5.0  2.774928e+005     10.76
 125     10   5.0  2.788108e+005     10.65
 125     15   5.0  2.798886e+005     10.55
 125    100   5.0  2.813618e+005     10.13
 130      0   0.0  2.718420e+005     10.70
 130      5   0.0  2.734021e+005     10.58
 130     10   0.0  2.746573e+005     10.46
 130     15   0.0  2.756985e+005     10.36
 130    100   0.0  2.770526e+005      9.88
 130      0   0.5  2.719314e+005     10.75
 130      5   0.5  2.735142e+005     10.63
 130     10   0.5  2.747903e+005     10.51
 130     15   0.5  2.758508e+005     10.41
 130    100   0.5  2.772978e+005      9.94
 130      0   1.0  2.720072e+005     10.80
 130      5   1.0  2.736123e+005     10.68
 130     10   1.0  2.749085e+005     10.56
 130     15   1.0  2.759877e+005     10.46
 130    100   1.0  2.775238e+005      9.99
 130      0   1.5  2.720703e+005     10.85
 130      5   1.5  2.736971e+005     10.72
 130     10   1.5  2.750128e+005     10.61
 130     15   1.5  2.761100e+005     10.50
 130    100   1.5  2.777316e+005     10.04
 130      0   2.0  2.721218e+005     10.89
 130      5   2.0  2.737695e+005     10.77
 130     10   2.0  2.751040e+005     10.66
 130     15   2.0  2.762190e+005     10.55
 130    100   2.0  2.779224e+005     10.10
 130      0   2.5  2.721620e+005     10.94
 130      5   2.5  2.738303e+005     10.81
 130     10   2.5  2.751833e+005     10.70
 130     15   2.5  2.763154e+005     10.60
 130    100   2.5  2.780974e+005     10.15
 130      0   3.0  2.721920e+005     10.98
 130      5   3.0  2.738802e+005     10.86
 130     10   3.0  2.752511e+005     10.75
 130     15   3.0  2.763998e+005     10.64
 130    100   3.0  2.782573e+005     10.19
 130      0   3.5  2.722123e+005     11.03
 130      5   3.5  2.739199e+005     10.90
 130     10   3.5  2.753083e+005     10.79
 130     15   3.5  2.764731e+005     10.68
 130    100   3.5  2.784032e+005     10.24
 130      0   4.0  2.722234e+005     11.07
 130      5   4.0  2.739500e+005     10.94
 130     10   4.0  2.753553e+005     10.83
 130     15   4.0  2.765360e+005     10.73
 130    100   4.0  2.785356e+005     10.29
 130      0   4.5  2.722260e+005     11.11
 130      5   4.5  2.739711e+005     10.98
 130     10   4.5  2.753929e+005     10.87
 130     15   4.5  2.765888e+005     10.77
 130    100   4.5  2.786556e+005     10.33
 130      0   5.0  2.722206e+005     11.15
 130      5   5.0  2.739838e+005     11.02
 130     10   5.0  2.754217e+005     10.91
 130     15   5.0  2.766325e+005     10.81
 130    100   5.0  2.787638e+005     10.38
 135      0   0.0  2.686092e+005     10.95
 135      5   0.0  2.701082e+005     10.83
 135     10   0.0  2.715019e+005     10.72
 135     15   0.0  2.726778e+005     10.61
 135    100   0.0  2.747388e+005     10.12
 135      0   0.5  2.686551e+005     11.00
 135      5   0.5  2.701738e+005     10.88
 135     10   0.5  2.715873e+005     10.77
 135     15   0.5  2.727813e+005     10.66
 135    100   0.5  2.749315e+005     10.18
 135      0   1.0  2.686889e+005     11.05
 135      5   1.0  2.702266e+005     10.93
 135     10   1.0  2.716592e+005     10.82
 135     15   1.0  2.728710e+005     10.71
 135    100   1.0  2.751063e+005     10.23
 135      0   1.5  2.687112e+005     11.09
 135      5   1.5  2.702677e+005     10.98
 135     10   1.5  2.717185e+005     10.87
 135     15   1.5  2.729476e+005     10.76
 135    100   1.5  2.752645e+005     10.29
 135      0   2.0  2.687230e+005     11.14
 135      5   2.0  2.702971e+005     11.03
 135     10   2.0  2.717659e+005     10.91
 135     15   2.0  2.730116e+005     10.81
 135    100   2.0  2.754069e+005     10.34
 135      0   2.5  2.687247e+005     11.19
 135      5   2.5  2.703163e+005     11.07
 135     10   2.5  2.718026e+005     10.96
 135     15   2.5  2.730643e+005     10.85
 135    100   2.5  2.755347e+005     10.39
 135      0   3.0  2.687171e+005     11.23
 135      5   3.0  2.703256e+005     11.12
 135     10   3.0  2.718287e+005     11.00
 135     15   3.0  2.731063e+005     10.90
 135    100   3.0  2.756488e+005     10.43
 135      0   3.5  2.687009e+005     11.27
 135      5   3.5  2.703258e+005     11.16
 135     10   3.5  2.718455e+005     11.05
 135     15   3.5  2.731382e+005     10.94
 135    100   3.5  2.757495e+005     10.48
 135      0   4.0  2.686764e+005     11.31
 135      5   4.0  2.703173e+005     11.20
 135     10   4.0  2.718530e+005     11.09
 135     15   4.0  2.731606e+005     10.98
 135    100   4.0  2.758384e+005     10.53
 135      0   4.5  2.686441e+005     11.36
 135      5   4.5  2.703008e+005     11.24
 135     10   4.5  2.718520e+005     11.13
 135     15   4.5  2.731741e+005     11.02
 135    100   4.5  2.759158e+005     10.57
 135      0   5.0  2.686048e+005     11.40
 135      5   5.0  2.702768e+005     11.28
 135     10   5.0  2.718433e+005     11.17
 135     15   5.0  2.731791e+005     11.06
 135    100   5.0  2.759821e+005     10.62
 140      0   0.0  2.666215e+005     11.12
 140      5   0.0  2.675794e+005     11.03
 140     10   0.0  2.688631e+005     10.93
 140     15   0.0  2.700853e+005     10.83
 140    100   0.0  2.726783e+005     10.34
 140      0   0.5  2.666410e+005     11.17
 140      5   0.5  2.676116e+005     11.08
 140     10   0.5  2.689119e+005     10.98
 140     15   0.5  2.701510e+005     10.88
 140    100   0.5  2.728284e+005     10.39
 140      0   1.0  2.666495e+005     11.21
 140      5   1.0  2.676320e+005     11.13
 140     10   1.0  2.689483e+005     11.03
 140     15   1.0  2.702036e+005     10.93
 140    100   1.0  2.729619e+005     10.44
 140      0   1.5  2.666471e+005     11.26
 140      5   1.5  2.676416e+005     11.18
 140     10   1.5  2.689733e+005     11.08
 140     15   1.5  2.702442e+005     10.98
 140    100   1.5  2.730797e+005     10.50
 140      0   2.0  2.666350e+005     11.31
 140      5   2.0  2.676407e+005     11.23
 140     10   2.0  2.689874e+005     11.12
 140     15   2.0  2.702736e+005     11.02
 140    100   2.0  2.731833e+005     10.55
 140      0   2.5  2.666136e+005     11.35
 140      5   2.5  2.676303e+005     11.27
 140     10   2.5  2.689914e+005     11.17
 140     15   2.5  2.702926e+005     11.07
 140    100   2.5  2.732733e+005     10.59
 140      0   3.0  2.665837e+005     11.39
 140      5   3.0  2.676108e+005     11.31
 140     10   3.0  2.689863e+005     11.21
 140     15   3.0  2.703016e+005     11.11
 140    100   3.0  2.733500e+005     10.64
 140      0   3.5  2.665457e+005     11.44
 140      5   3.5  2.675832e+005     11.36
 140     10   3.5  2.689723e+005     11.26
 140     15   3.5  2.703016e+005     11.15
 140    100   3.5  2.734152e+005     10.69
 140      0   4.0  2.665003e+005     11.48
 140      5   4.0  2.675477e+005     11.40
 140     10   4.0  2.689501e+005     11.30
 140     15   4.0  2.702929e+005     11.20
 140    100   4.0  2.734690e+005     10.74
 140      0   4.5  2.664475e+005     11.52
 140      5   4.5  2.675048e+005     11.44
 140     10   4.5  2.689202e+005     11.34
 140     15   4.5  2.702759e+005     11.24
 140    100   4.5  2.735123e+005     10.78
 140      0   5.0  2.663884e+005     11.56
 140      5   5.0  2.674550e+005     11.48
 140     10   5.0  2.688830e+005     11.38
 140     15   5.0  2.702516e+005     11.28
 140    100   5.0  2.735454e+005     10.82
