
       8.1563       472.68
      -13.957      -1352.1
       7.4603      -66.236
       5.8955       777.72
    0.0026446    -0.069498
      -3.8115       51.913




       1.8521      -2.3976
       1.9453       31.287
       2.0398       77.864
       10.081      0.66796
       9.9457       50.779
       9.8589       105.35
        19.76       2.0972
       19.918       50.057
       20.276       93.197
        1.903      -8.4119
       1.9499       34.496
       2.0585        72.53
       10.101      0.33498
       9.9075       53.722
       10.007       98.359
       20.112      -7.4372
       19.859       54.085
       20.121       98.154
       0.8342       30.508
      0.87585       56.992
      0.88936       59.736
      0.91441       74.334
      0.92943       73.266
      0.94994       87.916
       1.0181       98.635
       1.9294       18.959
       1.9997        29.55
        2.031       33.233
        2.045       41.136
       2.0293        58.59
       2.0725       57.075
       2.1484       75.709
       4.0341       8.1757
       4.1016        26.74
       4.1152       34.338
       4.0643       46.094
       4.0826       55.278
       4.0918       62.785
       4.1212       93.381
       6.1302       6.1339
       6.1213       29.388
       6.0052       47.243
        6.073       49.711
       6.1151       57.162
       6.1062        66.17
        6.143        94.19
       10.153       1.8642
       9.9665       35.183
       9.7375       55.755
       9.9129       54.573
       9.9703        62.47
       9.7921       78.448
       9.7997       109.55



       11.612