20812796
20812797
20814412
20814413
20814414
20814415
20814416
20814417
20815525
20815526
20815527
20815528
20815529
20815530
20815373
20815374
20815375
20815376
20815685
20815686
20815687
20815688
20814424
20814425
20814426
20814427
20814428
20814429
20815501
20815502
20815503
20815504
20815515
20815516
20815517
20815518
20815201
20815202
20815203
20815204
20814134
20814135
20823256
20823257
20850688
20850689
20850393
20850394
20903082
20903083
20903087
20903088
20902641
20902642
20902931
20902932
20991305
20991306
20991652
20991653
20991180
20991181
20991185
20991186
20990932
20990933
21029172
21029173
21029496
21029497
21030011
21030012
21029654
21029655
21069554
21069555
21068988
21068989
21070147
21070148
21069473
21069474
21095976
21095977
21095385
21095386
21095387
21095599
21095608
21095815
21095823
21173889
21173896
21174647
21174657
21176278
21176287
21174509
21174519
21174610
21174619
