21063099
21063108
20799617
20820993
20799618
20820994
20799026
20820210
20799027
20820211
20799042
20820581
20799043
20820582
20822021
20822022
20821224
20821225
20821677
20821678
20799034
20820575
20799035
20820576
20821002
20821003
20821004
20822000
20822001
20825333
20824744
20845418
20845419
20846640
20846641
20892585
20892586
20892100
20892101
20893335
20893336
20893487
20893488
20893489
20969162
20969163
20967994
20967995
20969391
20969392
20967716
20967717
21020576
21019611
21019612
21019613
21020218
21020219
21021450
21021451
21022032
21022033
21062258
21062259
21061079
21061080
21061081
21061082
21061083
21062375
21062384
21087236
21087246
21088319
21088320
21087492
21087497
21087854
21087855
21162857
21162866
21160410
21160415
21160538
21160543
21161027
21161036
21161872
21161880
21161516
21161525
21161536
