20812483
20823112
20812484
20823113
20810966
20810967
20810968
20810969
20804714
20810257
20804715
20810258
20812069
20812070
20812071
20812072
20805018
20810433
20805019
20810434
20810924
20810925
20810926
20810927
20810694
20810695
20810696
20810697
20812079
20812080
20812081
20812082
20823106
20823107
20826207
20826208
20849119
20849120
20849795
20849796
20900548
20900549
20900196
20900197
20901221
20901222
20900368
20900369
20987399
20987400
20989161
20989162
20989332
20989676
21027076
21027077
21027606
21027607
21028117
21028118
21027970
21027971
21068969
21068970
21068239
21068249
21068590
21068598
21068145
21068146
21094348
21094357
21093066
21093075
21093236
21093237
21093888
21093897
21173222
21173246
21172240
21172250
21173057
21173125
21172606
21172616
21171108
21171116
21171494
21171503
