20801345
20806905
20801346
20806906
20801347
20806907
20801351
20806911
20801352
20806912
20800929
20806367
20800930
20806368
20801655
20807193
20801656
20807194
20801173
20806717
20801174
20806718
20800994
20806432
20800995
20806433
20801590
20807150
20801591
20807151
20801269
20806813
20801270
20806814
20806882
20806883
20825370
20825371
20847199
20847200
20895645
20895646
20895836
20895837
20895650
20895651
20895841
20895842
20896135
20896136
20971333
20971334
20972175
20972176
20972180
20972181
20971471
20971472
20971833
20971834
21023498
21023499
21023505
21023506
21023347
21023348
21023191
21023192
21063944
21063945
21063964
21063965
21063126
21063127
21064363
21064364
21088996
21088997
21088754
21088755
21088931
21088940
21089240
21089246
21164466
21164475
21164693
21164704
21164878
21164886
21164827
21164994
21165001
21164088
21164097
21164400
21164409
