21019349
21019355
21019330
21019335
21019336
21019337
21019341
21019342
21019346
21019347
21019351
21019352
21019356
21019357
21019299
21019300
21019305
21019306
21019309
21019310
21019313
21019314
21019317
21019318
21019321
21019322
21019326
21019327
21019331
21019332
21021630
21021682
21021490
21021496
21021533
21021541
21021577
21021584
21021621
21021631
21021638
21021683
21021684
21021455
21021456
21021461
21021462
21021467
21021468
21021469
21021470
21021475
21021476
21021479
21021480
21021483
21021484
21021487
21021488
21021492
21021493
21021497
21021498
21021503
21021504
21021507
21021509
21021512
21021513
21021516
21021517
21021520
21021521
21021524
21021525
21021528
21021529
21021532
21021534
21021537
21021538
21021542
21021543
21021547
21021548
21021551
21021553
21021556
21021557
21021558
21021561
21021562
21021565
21021567
21021568
21021572
21021573
21021576
21021578
21021581
21021582
21021586
21021587
21021591
21021592
21021595
21021597
21021600
21021601
21021604
21021605
21021608
21021609
21021612
21021613
21021616
21021617
21021620
21021622
21021625
21021626
21021629
21021632
21021635
21021636
21021640
21021641
21021645
21021646
21021649
21021650
21021654
21021655
21021658
21021660
21021663
21021664
21021667
21021669
21021673
21021674
21021677
21021678
21020203
21020210
21020064
21020070
21020109
21020118
21020127
21020133
21020142
21020204
21020205
21020208
21020209
21020030
21020031
21020035
21020036
21020040
21020041
21020044
21020045
21020049
21020050
21020053
21020054
21020057
21020058
21020061
21020062
21020066
21020067
21020076
21020078
21020081
21020085
21020086
21020089
21020090
21020093
21020094
21020097
21020098
21020101
21020102
21020105
21020106
21020110
21020111
21020114
21020115
21020119
21020120
21020123
21020124
21020128
21020129
21020132
21020134
21020135
21020138
21020139
21020143
21020144
21020147
21020149
21020152
21020153
21020159
21020160
21020164
21020165
21020168
21020169
21020174
21020175
21020178
21020179
21020183
21020184
21020188
21020189
21020193
21020194
21020197
21020198
21020343
21020350
21020387
21020393
21020409
21020410
21020222
21020223
21020226
21020227
21020230
21020231
21020234
21020235
21020238
21020239
21020242
21020243
21020246
21020247
21020250
21020251
21020254
21020255
21020258
21020259
21020262
21020263
21020266
21020267
21020270
21020271
21020274
21020275
21020278
21020279
21020282
21020283
21020286
21020287
21020290
21020291
21020294
21020295
21020298
21020299
21020303
21020304
21020307
21020308
21020311
21020312
21020315
21020316
21020319
21020320
21020323
21020324
21020327
21020328
21020331
21020332
21020335
21020336
21020339
21020340
21020344
21020345
21020346
21020351
21020352
21020356
21020357
21020360
21020362
21020363
21020366
21020367
21020368
21020371
21020372
21020375
21020376
21020379
21020380
21020383
21020384
21020388
21020389
21020392
21020394
21020398
21020399
21020403
21020404
21019172
21019175
21019212
21019219
21019256
21019263
21019282
21019283
21019286
21019287
21019288
21019291
21019292
21019159
21019160
21019163
21019164
21019165
21019168
21019169
21019173
21019176
21019177
21019178
21019182
21019183
21019186
21019188
21019191
21019192
21019195
21019196
21019199
21019200
21019203
21019204
21019207
21019208
21019211
21019213
21019216
21019217
21019221
21019222
21019226
21019227
21019228
21019232
21019233
21019238
21019239
21019242
21019243
21019246
21019247
21019250
21019251
21019254
21019255
21019257
21019261
21019262
21019266
21019267
21019277
21019278
21061468
21061325
21061362
21061368
21061407
21061412
21061451
21061457
21061469
21061470
21061473
21061474
21061318
21061319
21061322
21061323
21061327
21061328
21061332
21061333
21061334
21061345
21061346
21061350
21061353
21061354
21061355
21061358
21061359
21061363
21061364
21061367
21061369
21061372
21061373
21061377
21061378
21061387
21061388
21061391
21061392
21061395
21061396
21061399
21061400
21061403
21061404
21061408
21061409
21061413
21061414
21061417
21061418
21061422
21061423
21061427
21061428
21061429
21061432
21061433
21061436
21061437
21061440
21061441
21061444
21061445
21061448
21061449
21061453
21061454
21061462
21061463
21060927
21060960
21060782
21060790
21060850
21060859
21060871
21060934
21060939
21060958
21060959
21060748
21060749
21060758
21060759
21060762
21060763
21060766
21060767
21060770
21060771
21060774
21060775
21060778
21060779
21060783
21060784
21060787
21060788
21060792
21060793
21060796
21060798
21060799
21060802
21060803
21060808
21060809
21060813
21060814
21060817
21060818
21060822
21060823
21060826
21060827
21060828
21060829
21060833
21060834
21060837
21060838
21060841
21060842
21060852
21060853
21060856
21060857
21060861
21060862
21060863
21060867
21060868
21060872
21060873
21060877
21060878
21060881
21060882
21060886
21060887
21060891
21060892
21060896
21060897
21060900
21060901
21060905
21060906
21060910
21060911
21060912
21060915
21060916
21060919
21060920
21060924
21060925
21060929
21060930
21060931
21060935
21060936
21060940
21060941
21060944
21060946
21060949
21060950
21060954
21060955
21061480
21061492
21061538
21061543
21061580
21061584
21061619
21061626
21061663
21061670
21061700
21061701
21061477
21061478
21061482
21061483
21061484
21061488
21061489
21061493
21061494
21061497
21061499
21061502
21061503
21061507
21061508
21061512
21061513
21061516
21061517
21061518
21061521
21061522
21061525
21061526
21061527
21061530
21061531
21061534
21061535
21061539
21061540
21061544
21061545
21061551
21061552
21061555
21061557
21061560
21061561
21061564
21061565
21061568
21061569
21061572
21061573
21061576
21061577
21061578
21061582
21061585
21061586
21061589
21061590
21061595
21061596
21061599
21061600
21061601
21061604
21061605
21061610
21061614
21061615
21061618
21061620
21061623
21061624
21061628
21061629
21061634
21061635
21061636
21061637
21061642
21061643
21061646
21061647
21061648
21061651
21061652
21061655
21061656
21061659
21061660
21061664
21061665
21061668
21061669
21061673
21061674
21061678
21061679
21061683
21061684
21061687
21061688
21061692
21061693
21061696
21061697
21062207
21062226
21062249
21062252
21062253
21062256
21062086
21062087
21062090
21062091
21062094
21062095
21062098
21062099
21062102
21062104
21062105
21062109
21062110
21062111
21062114
21062115
21062118
21062119
21062122
21062123
21062126
21062127
21062130
21062131
21062134
21062135
21062138
21062139
21062142
21062143
21062146
21062147
21062150
21062151
21062154
21062155
21062158
21062159
21062162
21062163
21062166
21062167
21062170
21062171
21062174
21062175
21062179
21062180
21062183
21062184
21062189
21062190
21062194
21062195
21062198
21062199
21062202
21062203
21062206
21062208
21062211
21062212
21062216
21062217
21062221
21062222
21062225
21062227
21062230
21062231
21062232
21062235
21062236
21062244
21062245
21062248
21060099
21060106
21060023
21060031
21060069
21060074
21060093
21060094
21060097
21060098
21060102
21060103
21060107
21060108
21059993
21059994
21059997
21059998
21060002
21060003
21060007
21060008
21060011
21060012
21060015
21060016
21060019
21060020
21060024
21060025
21060028
21060029
21060033
21060034
21060038
21060039
21060043
21060044
21060047
21060048
21060051
21060052
21060055
21060056
21060059
21060060
21060063
21060064
21060070
21060071
21060075
21060076
21060079
21060080
21060084
21060085
21060089
21060090
21061830
21061838
21061748
21061755
21061794
21061813
21061826
21061829
21061831
21061834
21061835
21061839
21061704
21061707
21061709
21061712
21061714
21061717
21061718
21061721
21061723
21061726
21061727
21061730
21061731
21061734
21061735
21061736
21061739
21061740
21061743
21061744
21061747
21061749
21061752
21061753
21061757
21061758
21061759
21061763
21061764
21061767
21061769
21061772
21061773
21061774
21061777
21061778
21061781
21061782
21061785
21061786
21061789
21061790
21061793
21061795
21061798
21061800
21061803
21061804
21061808
21061809
21061812
21061814
21061815
21061818
21061819
21061822
21061823
21060472
21060479
21060417
21060423
21060464
21060465
21060468
21060469
21060473
21060474
21060475
21060478
21060480
21060383
21060384
21060388
21060389
21060393
21060394
21060397
21060398
21060401
21060402
21060405
21060406
21060409
21060410
21060413
21060414
21060418
21060419
21060422
21060424
21060427
21060428
21060432
21060433
21060434
21060438
21060439
21060442
21060443
21060447
21060448
21060451
21060452
21060456
21060457
21060460
21060461
21060644
21060492
21060517
21060537
21060564
21060579
21060607
21060626
21060642
21060646
21060647
21060650
21060652
21060484
21060486
21060489
21060490
21060494
21060495
21060498
21060499
21060502
21060503
21060504
21060505
21060508
21060509
21060512
21060513
21060516
21060522
21060526
21060528
21060529
21060533
21060534
21060538
21060539
21060542
21060543
21060544
21060547
21060548
21060552
21060553
21060556
21060557
21060560
21060561
21060565
21060566
21060570
21060571
21060575
21060576
21060580
21060581
21060584
21060585
21060588
21060589
21060590
21060591
21060594
21060595
21060598
21060599
21060609
21060610
21060614
21060615
21060618
21060620
21060624
21060625
21060629
21060630
21060633
21060634
21060638
21060639
21061084
21061085
21061086
21061089
21061090
21060963
21060964
21060967
21060968
21060969
21060973
21060974
21060977
21060978
21060981
21060982
21060985
21060986
21060987
21060988
21060991
21060992
21060996
21060997
21061001
21061002
21061010
21061011
21061015
21061016
21061019
21061020
21061023
21061024
21061027
21061028
21061031
21061032
21061036
21061037
21061041
21061042
21061045
21061046
21061049
21061050
21061053
21061054
21061057
21061058
21061061
21061062
21061069
21061070
21061073
21061074
21060225
21060231
21060145
21060150
21060187
21060196
21060220
21060221
21060226
21060227
21060230
21060232
21060109
21060110
21060114
21060115
21060119
21060120
21060123
21060124
21060127
21060128
21060131
21060132
21060137
21060138
21060141
21060142
21060146
21060147
21060151
21060152
21060155
21060157
21060160
21060161
21060165
21060166
21060169
21060170
21060174
21060175
21060178
21060179
21060182
21060183
21060188
21060189
21060197
21060198
21060206
21060207
21060211
21060212
21060215
21060216
21061889
21061854
21061878
21061879
21061885
21061888
21061890
21061893
21061894
21061898
21061845
21061848
21061850
21061853
21061855
21061858
21061859
21061862
21061863
21061866
21061867
21061870
21061871
21061874
21060737
21060663
21060689
21060707
21060727
21060730
21060731
21060734
21060735
21060739
21060740
21060741
21060745
21060657
21060660
21060661
21060665
21060666
21060669
21060670
21060673
21060678
21060681
21060683
21060686
21060687
21060691
21060692
21060695
21060697
21060700
21060702
21060705
21060706
21060710
21060711
21060714
21060715
21060718
21060719
21060722
21060723
21060726
21061270
21061102
21061128
21061147
21061172
21061191
21061216
21061241
21061268
21061285
21061311
21061315
21061316
21061095
21061097
21061100
21061101
21061105
21061106
21061109
21061110
21061113
21061114
21061117
21061118
21061120
21061123
21061124
21061127
21061129
21061132
21061134
21061137
21061138
21061142
21061143
21061146
21061148
21061151
21061152
21061153
21061156
21061157
21061160
21061161
21061164
21061165
21061168
21061169
21061173
21061174
21061178
21061179
21061187
21061188
21061192
21061193
21061196
21061197
21061198
21061199
21061204
21061205
21061208
21061209
21061212
21061213
21061217
21061218
21061221
21061222
21061227
21061228
21061232
21061233
21061237
21061238
21061242
21061243
21061246
21061247
21061250
21061251
21061254
21061255
21061259
21061260
21061263
21061264
21061265
21061269
21061271
21061272
21061276
21061277
21061281
21061282
21061286
21061287
21061290
21061291
21061294
21061295
21061296
21061299
21061300
21061303
21061304
21061307
21061308
21062068
21061908
21061934
21061953
21061975
21061994
21062021
21062026
21062064
21062070
21062071
21062074
21062076
21061900
21061902
21061905
21061906
21061910
21061911
21061914
21061915
21061918
21061919
21061922
21061926
21061927
21061931
21061935
21061936
21061939
21061941
21061944
21061945
21061947
21061950
21061951
21061955
21061956
21061959
21061960
21061965
21061966
21061969
21061970
21061976
21061977
21061980
21061981
21061985
21061986
21061990
21061991
21061995
21061996
21061999
21062000
21062003
21062004
21062007
21062008
21062009
21062010
21062013
21062014
21062017
21062018
21062022
21062023
21062027
21062028
21062031
21062032
21062036
21062037
21062041
21062042
21062043
21062046
21062047
21062050
21062051
21062054
21062055
21062058
21062059
21062062
21062063
21062409
21062415
21062430
21062431
21062434
21062264
21062265
21062268
21062269
21062272
21062273
21062277
21062278
21062281
21062282
21062285
21062286
21062289
21062290
21062293
21062294
21062297
21062298
21062299
21062302
21062303
21062306
21062307
21062310
21062311
21062314
21062315
21062322
21062323
21062324
21062327
21062328
21062332
21062333
21062338
21062339
21062342
21062343
21062346
21062347
21062350
21062351
21062354
21062355
21062358
21062359
21062362
21062363
21062367
21062368
21062371
21062372
21062376
21062377
21062380
21062381
21062385
21062386
21062389
21062390
21062393
21062394
21062397
21062398
21062401
21062402
21062405
21062406
21062410
21062411
21062416
21062417
21062420
21062421
21062425
21062426
21059980
21059916
21059940
21059957
21059971
21059974
21059975
21059979
21059983
21059984
21059988
21059907
21059910
21059912
21059915
21059917
21059920
21059921
21059924
21059925
21059927
21059929
21059932
21059933
21059936
21059937
21059941
21059942
21059948
21059951
21059953
21059956
21059958
21059961
21059963
21059966
21059967
21059970
21062557
21062445
21062470
21062489
21062514
21062533
21062551
21062553
21062556
21062558
21062561
21062563
21062566
21062436
21062440
21062441
21062444
21062446
21062449
21062450
21062453
21062454
21062457
21062458
21062461
21062462
21062465
21062466
21062469
21062471
21062474
21062476
21062479
21062480
21062484
21062485
21062488
21062490
21062493
21062494
21062497
21062499
21062502
21062503
21062506
21062507
21062510
21062511
21062515
21062516
21062519
21062521
21062524
21062525
21062529
21062530
21062534
21062535
21062538
21062539
21062542
21062543
21062546
21062547
21062550
21060373
21060381
21060269
21060275
21060312
21060320
21060365
21060370
21060374
21060375
21060378
21060379
21060235
21060236
21060240
21060241
21060245
21060246
21060249
21060250
21060253
21060254
21060257
21060258
21060261
21060262
21060265
21060266
21060270
21060271
21060276
21060277
21060281
21060283
21060286
21060287
21060291
21060292
21060296
21060297
21060300
21060301
21060304
21060305
21060308
21060309
21060313
21060314
21060317
21060318
21060322
21060323
21060327
21060328
21060332
21060333
21060336
21060337
21060341
21060342
21060345
21060346
21060349
21060350
21060353
21060354
21060357
21060358
21060361
21060362
21060366
21060367
21062588
21062595
21062639
21062657
21062682
21062702
21062727
21062746
21062760
21062763
21062764
21062567
21062568
21062572
21062573
21062577
21062578
21062581
21062583
21062586
21062587
21062591
21062592
21062596
21062597
21062600
21062602
21062605
21062606
21062610
21062611
21062615
21062616
21062619
21062620
21062623
21062624
21062627
21062628
21062631
21062632
21062633
21062636
21062637
21062642
21062643
21062647
21062648
21062653
21062654
21062658
21062659
21062662
21062663
21062666
21062667
21062670
21062671
21062674
21062675
21062678
21062679
21062683
21062684
21062688
21062690
21062693
21062694
21062698
21062699
21062703
21062704
21062707
21062708
21062711
21062712
21062715
21062716
21062719
21062720
21062723
21062724
21062728
21062729
21062734
21062735
21062739
21062740
21062743
21062744
21062748
21062749
21062752
21062753
21062756
21062757
21062946
21062983
21062800
21062807
21062846
21062854
21062891
21062898
21062956
21062961
21062984
21062985
21062770
21062771
21062774
21062775
21062779
21062780
21062783
21062784
21062785
21062788
21062789
21062792
21062793
21062796
21062797
21062801
21062802
21062805
21062806
21062808
21062809
21062810
21062815
21062816
21062821
21062822
21062825
21062826
21062827
21062830
21062831
21062834
21062835
21062842
21062843
21062847
21062848
21062851
21062852
21062856
21062858
21062860
21062863
21062864
21062868
21062869
21062872
21062873
21062877
21062878
21062881
21062882
21062885
21062886
21062887
21062892
21062893
21062896
21062897
21062901
21062902
21062907
21062908
21062912
21062913
21062916
21062917
21062921
21062922
21062925
21062926
21062929
21062930
21062933
21062934
21062938
21062940
21062943
21062944
21062948
21062949
21062952
21062953
21062957
21062958
21062962
21062963
21062968
21062969
21062973
21062975
21063113
21063116
21063119
21063122
21062986
21062989
21062990
21062993
21062994
21062997
21062998
21063001
21063003
21063006
21063007
21063010
21063011
21063012
21063015
21063016
21063019
21063020
21063023
21063024
21063027
21063028
21063031
21063032
21063033
21063040
21063043
21063044
21063047
21063048
21063051
21063052
21063055
21063056
21063059
21063061
21063064
21063065
21063067
21063070
21063071
21063074
21063075
21063078
21063083
21063086
21063087
21063090
21063091
21063094
21063095
21063098
21063100
21063103
21063104
21063107
21063109
21063112
21059897
21059817
21059845
21059865
21059887
21059890
21059891
21059894
21059895
21059899
21059900
21059903
21059905
21059811
21059813
21059816
21059818
21059821
21059826
21059829
21059831
21059834
21059836
21059839
21059840
21059843
21059846
21059849
21059850
21059854
21059856
21059860
21059861
21059864
21059866
21059869
21059870
21059873
21059874
21059877
21059878
21059881
21059882
21059883
21059886
21086977
21086898
21086923
21086948
21086970
21086973
21086978
21086981
21086982
21086986
21086889
21086892
21086894
21086897
21086899
21086902
21086903
21086906
21086907
21086910
21086911
21086914
21086915
21086918
21086919
21086922
21086924
21086927
21086929
21086932
21086933
21086935
21086938
21086939
21086942
21086944
21086947
21086949
21086952
21086953
21086954
21086957
21086958
21086961
21086962
21086965
21086966
21086969
21086175
21086182
21086070
21086077
21086114
21086121
21086157
21086163
21086173
21086174
21086178
21086179
21086183
21086184
21086039
21086040
21086043
21086044
21086048
21086049
21086052
21086053
21086056
21086057
21086060
21086061
21086064
21086065
21086068
21086069
21086073
21086074
21086078
21086079
21086083
21086084
21086087
21086088
21086092
21086093
21086096
21086097
21086101
21086102
21086105
21086106
21086109
21086110
21086113
21086115
21086118
21086119
21086123
21086124
21086128
21086129
21086133
21086134
21086137
21086138
21086141
21086142
21086145
21086146
21086149
21086150
21086153
21086154
21086158
21086159
21086164
21086165
21086166
21086167
21086168
21087112
21087119
21087022
21087028
21087066
21087073
21087108
21087109
21087113
21087114
21087117
21087118
21086987
21086988
21086992
21086993
21086997
21086998
21087001
21087002
21087006
21087007
21087010
21087011
21087014
21087015
21087018
21087019
21087023
21087024
21087027
21087029
21087032
21087033
21087037
21087038
21087042
21087043
21087046
21087047
21087050
21087051
21087054
21087055
21087062
21087063
21087067
21087068
21087071
21087072
21087076
21087077
21087085
21087086
21087091
21087092
21087096
21087097
21087100
21087101
21087104
21087105
21087950
21087875
21087900
21087907
21087941
21087942
21087945
21087946
21087949
21087951
21087954
21087955
21087959
21087867
21087871
21087872
21087876
21087877
21087885
21087886
21087890
21087891
21087894
21087896
21087895
21087897
21087901
21087902
21087905
21087906
21087910
21087911
21087915
21087916
21087921
21087922
21087925
21087926
21087929
21087930
21087933
21087934
21087937
21087938
21087260
21087261
21087266
21087267
21087122
21087123
21087126
21087127
21087130
21087131
21087135
21087136
21087139
21087140
21087143
21087144
21087147
21087148
21087151
21087152
21087155
21087156
21087159
21087160
21087163
21087164
21087167
21087168
21087169
21087173
21087174
21087177
21087180
21087181
21087184
21087185
21087186
21087189
21087190
21087193
21087194
21087198
21087199
21087202
21087203
21087206
21087207
21087210
21087211
21087215
21087216
21087217
21087220
21087221
21087224
21087225
21087228
21087229
21087232
21087233
21087237
21087238
21087242
21087243
21087247
21087248
21087251
21087252
21087255
21087256
21085864
21085872
21085753
21085760
21085798
21085804
21085850
21085857
21085865
21085866
21085869
21085870
21085717
21085718
21085723
21085724
21085728
21085729
21085736
21085737
21085744
21085745
21085748
21085749
21085754
21085755
21085756
21085761
21085762
21085766
21085767
21085770
21085774
21085776
21085779
21085780
21085783
21085785
21085788
21085789
21085792
21085794
21085797
21085799
21085802
21085803
21085805
21085808
21085809
21085813
21085814
21085817
21085820
21085823
21085824
21085828
21085829
21085832
21085833
21085836
21085837
21085840
21085841
21085844
21085851
21085854
21085855
21085860
21088099
21088106
21087994
21088001
21088038
21088045
21088081
21088086
21088097
21088098
21088102
21088103
21088107
21088108
21087963
21087964
21087967
21087968
21087972
21087973
21087976
21087977
21087980
21087981
21087984
21087985
21087988
21087989
21087992
21087993
21087997
21087998
21088002
21088003
21088007
21088008
21088011
21088012
21088016
21088017
21088020
21088021
21088024
21088025
21088028
21088029
21088030
21088033
21088034
21088037
21088039
21088042
21088043
21088047
21088048
21088052
21088053
21088057
21088058
21088061
21088062
21088065
21088066
21088069
21088070
21088073
21088074
21088077
21088078
21088082
21088083
21088087
21088088
21088091
21088092
21088211
21088218
21088143
21088150
21088188
21088194
21088205
21088206
21088209
21088210
21088214
21088215
21088219
21088220
21088112
21088113
21088116
21088117
21088121
21088122
21088125
21088126
21088130
21088131
21088134
21088135
21088138
21085675
21085656
21085680
21085657
21085679
21085674
21088139
21088142
21088144
21088147
21088148
21088152
21088153
21088157
21088158
21088161
21088163
21088166
21088167
21088170
21088171
21088174
21088175
21088179
21088180
21088183
21088185
21088186
21088190
21088191
21088195
21088196
21088200
21088201
21086427
21086434
21086355
21086360
21086399
21086406
21086422
21086423
21086424
21086428
21086429
21086432
21086433
21086312
21086313
21086317
21086318
21086322
21086323
21086326
21086327
21086332
21086333
21086338
21086339
21086342
21086343
21086346
21086347
21086351
21086352
21086356
21086357
21086361
21086362
21086365
21086366
21086370
21086371
21086377
21086379
21086380
21086383
21086384
21086387
21086388
21086391
21086392
21086395
21086396
21086400
21086401
21086404
21086405
21086409
21086410
21086416
21086417
21088321
21088322
21088326
21088327
21088330
21088331
21088224
21088225
21088228
21088229
21088232
21088233
21088237
21088238
21088242
21088243
21088246
21088247
21088252
21088253
21088256
21088257
21088258
21088262
21088263
21088267
21088268
21088273
21088274
21088277
21088278
21088282
21088283
21088286
21088287
21088290
21088291
21088294
21088295
21088296
21088299
21088300
21088303
21088304
21088307
21088308
21088311
21088312
21088315
21088316
21085707
21085713
21085599
21085606
21085645
21085651
21085703
21085704
21085708
21085709
21085712
21085714
21085557
21085558
21085562
21085563
21085568
21085569
21085573
21085574
21085578
21085579
21085582
21085583
21085587
21085588
21085591
21085592
21085595
21085596
21085600
21085601
21085604
21085605
21085610
21085611
21085615
21085616
21085620
21085621
21085624
21085625
21085628
21085629
21085632
21085633
21085636
21085637
21085640
21085641
21085647
21085648
21085652
21085653
21085661
21085662
21085666
21085667
21085670
21085671
21085683
21085684
21085687
21085688
21085691
21085692
21085695
21085696
21085699
21085700
21088378
21088384
21088364
21088365
21088368
21088369
21088374
21088375
21088379
21088380
21088383
21088385
21088334
21088335
21088338
21088339
21088343
21088344
21088347
21088348
21088351
21088352
21088355
21088356
21088359
21088360
21086869
21086875
21086828
21086834
21086859
21086860
21086864
21086865
21086870
21086871
21086874
21086876
21086792
21086793
21086797
21086798
21086802
21086803
21086806
21086807
21086814
21086815
21086818
21086819
21086822
21086823
21086824
21086825
21086826
21086827
21086835
21086836
21086839
21086840
21086844
21086845
21086846
21086850
21086851
21086855
21086856
21087368
21087375
21087305
21087312
21087358
21087359
21087367
21087369
21087370
21087371
21087374
21087376
21087270
21087271
21087275
21087276
21087280
21087281
21087284
21087285
21087288
21087289
21087293
21087295
21087298
21087299
21087300
21087303
21087304
21087308
21087309
21087314
21087315
21087320
21087321
21087325
21087326
21087329
21087330
21087335
21087336
21087339
21087340
21087343
21087344
21087347
21087348
21087349
21087354
21087355
21086782
21086788
21086699
21086704
21086751
21086758
21086777
21086778
21086783
21086784
21086789
21086790
21086668
21086669
21086673
21086674
21086677
21086678
21086682
21086683
21086686
21086687
21086690
21086691
21086694
21086695
21086700
21086701
21086705
21086706
21086711
21086712
21086715
21086716
21086721
21086722
21086728
21086729
21086732
21086733
21086736
21086740
21086741
21086744
21086745
21086748
21086750
21086752
21086755
21086756
21086760
21086761
21086766
21086767
21086771
21086772
21088546
21088399
21088425
21088445
21088470
21088489
21088514
21088532
21088544
21088548
21088549
21088552
21088554
21088391
21088393
21088396
21088397
21088401
21088402
21088405
21088406
21088409
21088410
21088413
21088414
21088417
21088418
21088419
21088426
21088427
21088428
21088429
21088430
21088435
21088436
21088437
21088441
21088442
21088446
21088447
21088450
21088451
21088454
21088455
21088458
21088459
21088462
21088463
21088466
21088467
21088471
21088472
21088476
21088477
21088480
21088481
21088485
21088486
21088490
21088491
21088494
21088495
21088498
21088499
21088503
21088504
21088507
21088508
21088511
21088512
21088516
21088517
21088522
21088523
21088527
21088528
21088531
21088533
21088536
21088537
21088540
21088541
21087498
21087499
21087502
21087503
21087506
21087507
21087381
21087382
21087387
21087388
21087391
21087392
21087395
21087396
21087397
21087400
21087401
21087405
21087406
21087409
21087410
21087413
21087414
21087417
21087418
21087421
21087422
21087425
21087426
21087429
21087430
21087431
21087434
21087435
21087436
21087439
21087440
21087443
21087444
21087447
21087448
21087451
21087452
21087455
21087456
21087459
21087460
21087463
21087464
21087467
21087468
21087471
21087472
21087475
21087476
21087479
21087480
21087483
21087484
21087487
21087488
21087491
21087493
21087494
21086025
21086032
21085909
21085914
21085954
21085959
21085998
21086003
21086023
21086024
21086028
21086029
21086033
21086034
21085877
21085878
21085881
21085882
21085886
21085887
21085890
21085891
21085896
21085897
21085900
21085901
21085904
21085905
21085906
21085910
21085911
21085915
21085916
21085919
21085920
21085924
21085925
21085929
21085930
21085937
21085938
21085941
21085944
21085945
21085948
21085949
21085952
21085955
21085958
21085960
21085963
21085964
21085968
21085969
21085972
21085974
21085977
21085982
21085985
21085986
21085989
21085990
21085993
21085994
21085997
21085999
21086002
21086004
21086007
21086008
21086012
21086013
21086015
21086018
21086019
21086020
21087664
21087672
21087554
21087560
21087597
21087604
21087643
21087648
21087665
21087666
21087669
21087670
21087509
21087510
21087514
21087515
21087518
21087520
21087521
21087524
21087525
21087530
21087531
21087534
21087535
21087538
21087539
21087542
21087543
21087546
21087547
21087550
21087551
21087555
21087556
21087557
21087562
21087563
21087567
21087568
21087571
21087573
21087576
21087577
21087580
21087581
21087584
21087585
21087588
21087589
21087592
21087593
21087596
21087598
21087602
21087603
21087607
21087608
21087612
21087613
21087619
21087620
21087623
21087624
21087627
21087628
21087631
21087632
21087635
21087636
21087639
21087640
21087644
21087645
21087649
21087650
21087653
21087655
21087658
21087659
21086302
21086206
21086531
21086532
21086211
21086248
21086255
21086292
21086295
21086296
21086299
21086300
21086304
21086305
21086309
21086310
21086186
21086187
21086190
21086191
21086194
21086195
21086198
21086199
21086202
21086203
21086207
21086208
21086212
21086213
21086216
21086217
21086221
21086222
21086226
21086227
21086230
21086232
21086234
21086235
21086238
21086239
21086242
21086243
21086246
21086247
21086251
21086252
21086256
21086257
21086261
21086262
21086265
21086266
21086270
21086271
21086274
21086275
21086278
21086279
21086282
21086283
21086286
21086287
21086290
21086291
21086556
21086562
21086458
21086484
21086489
21086543
21086548
21086553
21086554
21086558
21086559
21086563
21086564
21086442
21086443
21086446
21086449
21086450
21086453
21086454
21086459
21086460
21086463
21086464
21086467
21086468
21086471
21086472
21086476
21086477
21086480
21086481
21086485
21086486
21086490
21086491
21086494
21086495
21086499
21086500
21086505
21086506
21086510
21086511
21086516
21086517
21086520
21086521
21086526
21086527
21086535
21086536
21086540
21086541
21087818
21087825
21087711
21087716
21087756
21087761
21087800
21087805
21087816
21087817
21087821
21087822
21087674
21087675
21087679
21087680
21087684
21087685
21087689
21087690
21087693
21087694
21087695
21087698
21087699
21087702
21087703
21087706
21087707
21087712
21087713
21087717
21087718
21087722
21087723
21087732
21087733
21087736
21087737
21087740
21087741
21087744
21087745
21087748
21087749
21087752
21087753
21087757
21087758
21087762
21087763
21087766
21087768
21087771
21087772
21087776
21087777
21087780
21087781
21087784
21087785
21087788
21087789
21087792
21087793
21087796
21087797
21087801
21087802
21087806
21087807
21087810
21087812
21087856
21087857
21087860
21087861
21087866
21087827
21087832
21087833
21087836
21087837
21087840
21087841
21087845
21087846
21087850
21087851
21086650
21086656
21086584
21086608
21086615
21086641
21086642
21086645
21086646
21086647
21086651
21086652
21086655
21086657
21086566
21086568
21086571
21086572
21086576
21086577
21086580
21086581
21086585
21086586
21086589
21086590
21086593
21086594
21086597
21086598
21086603
21086604
21086609
21086610
21086613
21086614
21086618
21086619
21086623
21086624
21086628
21086629
21086632
21086633
21086636
21086637
21085547
21085553
21085450
21085457
21085494
21085501
21085541
21085542
21085548
21085549
21085552
21085554
21085415
21085416
21085420
21085421
21085425
21085426
21085429
21085430
21085433
21085434
21085439
21085440
21085443
21085444
21085445
21085449
21085451
21085456
21085458
21085461
21085462
21085466
21085467
21085471
21085475
21085476
21085480
21085481
21085482
21085485
21085486
21085489
21085490
21085493
21085495
21085496
21085499
21085500
21085504
21085505
21085509
21085510
21085514
21085515
21085519
21085520
21085523
21085524
21085528
21085529
21085537
21085538
21162246
21162253
21162168
21162176
21162214
21162220
21162240
21162242
21162243
21162247
21162248
21162254
21162255
21162135
21162137
21162140
21162141
21162147
21162148
21162151
21162152
21162155
21162156
21162159
21162160
21162161
21162169
21162170
21162173
21162174
21162178
21162179
21162184
21162185
21162189
21162190
21162193
21162194
21162197
21162198
21162201
21162202
21162205
21162206
21162210
21162211
21162215
21162216
21162217
21162221
21162222
21162226
21162227
21162230
21162231
21162236
21162237
21160104
21160111
21160085
21160090
21160094
21160095
21160098
21160099
21160102
21160103
21160107
21160108
21160112
21160113
21160054
21160055
21160058
21160059
21160063
21160065
21160066
21160069
21160070
21160073
21160074
21160077
21160078
21160081
21160082
21160086
21160087
21160091
21160701
21160710
21160716
21160756
21160762
21160770
21160771
21160774
21160775
21160778
21160779
21160782
21160783
21160702
21160703
21160706
21160707
21160711
21160712
21160715
21160717
21160721
21160722
21160726
21160727
21160731
21160732
21160736
21160737
21160738
21160741
21160742
21160745
21160746
21160749
21160750
21160753
21160754
21160758
21160759
21160763
21160764
21159631
21159639
21159509
21159517
21159554
21159560
21159598
21159604
21159626
21159632
21159633
21159636
21159637
21159475
21159476
21159480
21159481
21159485
21159486
21159489
21159490
21159493
21159494
21159497
21159498
21159501
21159502
21159505
21159506
21159510
21159511
21159514
21159515
21159519
21159520
21159521
21159525
21159526
21159530
21159531
21159534
21159537
21159538
21159541
21159542
21159545
21159546
21159549
21159550
21159553
21159555
21159558
21159559
21159563
21159564
21159567
21159569
21159572
21159574
21159577
21159578
21159581
21159582
21159585
21159586
21159589
21159590
21159593
21159594
21159597
21159599
21159602
21159603
21159607
21159608
21159611
21159613
21159616
21159618
21159619
21159622
21159623
21159627
21159628
21162431
21162266
21162290
21162310
21162336
21162355
21162380
21162397
21162421
21162442
21162469
21162481
21162483
21162258
21162260
21162263
21162264
21162269
21162270
21162273
21162274
21162277
21162278
21162281
21162282
21162285
21162286
21162289
21162291
21162294
21162295
21162296
21162300
21162301
21162304
21162306
21162309
21162316
21162317
21162319
21162320
21162323
21162324
21162325
21162328
21162329
21162332
21162335
21162337
21162340
21162341
21162345
21162346
21162349
21162351
21162354
21162356
21162359
21162360
21162363
21162364
21162367
21162368
21162371
21162372
21162375
21162376
21162379
21162381
21162384
21162385
21162389
21162390
21162393
21162395
21162399
21162400
21162403
21162404
21162408
21162409
21162412
21162413
21162414
21162417
21162418
21162422
21162423
21162426
21162427
21162432
21162433
21162438
21162439
21162440
21162441
21162443
21162448
21162449
21162452
21162453
21162457
21162458
21162461
21162462
21162463
21162466
21162467
21162471
21162472
21162476
21162477
21162892
21162911
21162912
21162915
21162916
21162743
21162744
21162747
21162748
21162751
21162752
21162753
21162756
21162757
21162760
21162762
21162765
21162766
21162769
21162771
21162775
21162776
21162779
21162780
21162783
21162784
21162787
21162788
21162791
21162793
21162796
21162798
21162801
21162802
21162805
21162806
21162807
21162810
21162811
21162814
21162815
21162818
21162820
21162823
21162828
21162831
21162832
21162835
21162836
21162839
21162840
21162843
21162846
21162847
21162850
21162851
21162854
21162855
21162856
21162860
21162861
21162864
21162865
21162869
21162870
21162873
21162874
21162877
21162878
21162881
21162882
21162885
21162889
21162890
21162891
21162894
21162893
21162897
21162898
21162902
21162903
21162907
21162908
21159086
21159093
21159017
21159024
21159061
21159068
21159082
21159083
21159084
21159088
21159089
21159094
21159095
21158956
21158957
21158960
21158961
21158967
21158968
21158972
21158973
21158976
21158977
21158982
21158983
21158986
21158987
21158994
21158995
21158998
21158999
21159005
21159006
21159009
21159010
21159013
21159014
21159019
21159020
21159025
21159026
21159030
21159031
21159035
21159037
21159041
21159042
21159045
21159046
21159049
21159050
21159053
21159054
21159057
21159058
21159062
21159063
21159069
21159070
21159071
21159077
21159078
21163077
21162934
21162960
21162979
21163004
21163024
21163051
21163069
21163075
21163079
21163080
21163083
21163085
21162926
21162928
21162931
21162932
21162936
21162937
21162940
21162941
21162944
21162949
21162954
21162955
21162958
21162959
21162963
21162964
21162968
21162969
21162970
21162974
21162975
21162978
21162980
21162981
21162985
21162988
21162989
21162992
21162993
21162995
21162998
21162999
21163002
21163003
21163007
21163009
21163013
21163014
21163018
21163023
21163027
21163029
21163032
21163033
21163036
21163038
21163041
21163042
21163045
21163047
21163050
21163052
21163053
21163056
21163058
21163061
21163064
21163067
21163070
21163073
21159463
21159470
21159384
21159390
21159430
21159435
21159458
21159459
21159464
21159465
21159471
21159473
21159351
21159353
21159356
21159357
21159361
21159362
21159366
21159367
21159370
21159371
21159374
21159375
21159380
21159381
21159385
21159386
21159389
21159391
21159394
21159395
21159399
21159400
21159404
21159405
21159409
21159410
21159413
21159414
21159417
21159418
21159419
21159422
21159423
21159426
21159427
21159431
21159432
21159436
21159437
21159440
21159442
21159445
21159446
21159450
21159451
21159454
21159455
21160288
21160295
21160149
21160154
21160193
21160200
21160238
21160245
21160289
21160290
21160114
21160115
21160120
21160121
21160125
21160126
21160129
21160130
21160133
21160134
21160137
21160138
21160141
21160142
21160145
21160146
21160150
21160151
21160155
21160156
21160159
21160160
21160162
21160165
21160166
21160167
21160171
21160172
21160173
21160176
21160177
21160181
21160182
21160185
21160186
21160187
21160190
21160191
21160195
21160196
21160197
21160201
21160202
21160206
21160207
21160210
21160211
21160215
21160216
21160219
21160220
21160225
21160226
21160230
21160231
21160236
21160237
21160242
21160243
21160247
21160248
21160252
21160253
21160256
21160258
21160261
21160262
21160263
21160266
21160267
21160268
21160271
21160272
21160275
21160276
21160277
21160280
21160281
21160284
21160285
21163269
21163274
21163133
21163141
21163180
21163187
21163235
21163242
21163270
21163271
21163275
21163276
21163089
21163090
21163093
21163094
21163098
21163099
21163102
21163103
21163108
21163109
21163113
21163114
21163118
21163119
21163122
21163123
21163127
21163128
21163131
21163132
21163135
21163137
21163138
21163143
21163144
21163149
21163150
21163156
21163157
21163151
21163158
21163159
21163162
21163163
21163166
21163167
21163170
21163171
21163174
21163175
21163178
21163179
21163185
21163186
21163190
21163195
21163191
21163197
21163198
21163202
21163203
21163206
21163207
21163212
21163213
21163216
21163217
21163220
21163221
21163224
21163225
21163228
21163229
21163232
21163233
21163237
21163238
21163243
21163244
21163249
21163250
21163251
21163256
21163257
21163260
21163261
21163265
21163266
21160416
21160419
21160420
21160423
21160424
21160298
21160299
21160302
21160303
21160306
21160307
21160310
21160311
21160314
21160315
21160318
21160319
21160322
21160323
21160326
21160327
21160330
21160331
21160334
21160335
21160338
21160339
21160342
21160343
21160346
21160347
21160350
21160351
21160354
21160356
21160359
21160360
21160363
21160364
21160367
21160368
21160371
21160372
21160375
21160376
21160379
21160380
21160383
21160384
21160386
21160389
21160390
21160393
21160394
21160397
21160398
21160401
21160402
21160405
21160406
21160409
21160411
21160414
21158943
21158949
21158881
21158887
21158926
21158933
21158936
21158937
21158944
21158945
21158946
21158950
21158951
21158849
21158851
21158854
21158855
21158859
21158860
21158863
21158865
21158866
21158869
21158870
21158873
21158874
21158877
21158878
21158882
21158883
21158886
21158888
21158892
21158893
21158897
21158898
21158902
21158903
21158906
21158907
21158910
21158911
21158914
21158915
21158918
21158919
21158922
21158923
21158929
21158930
21162600
21162608
21162529
21162536
21162572
21162579
21162596
21162597
21162601
21162602
21162605
21162606
21162485
21162486
21162491
21162492
21162496
21162497
21162500
21162501
21162502
21162506
21162507
21162510
21162511
21162516
21162517
21162520
21162521
21162524
21162527
21162528
21162532
21162533
21162537
21162538
21162541
21162543
21162546
21162547
21162551
21162552
21162555
21162556
21162559
21162560
21162563
21162564
21162567
21162568
21162571
21162573
21162576
21162577
21162581
21162582
21162585
21162587
21162590
21162592
21162593
21163413
21163420
21163313
21163320
21163358
21163365
21163404
21163408
21163411
21163412
21163416
21163417
21163421
21163422
21163283
21163284
21163287
21163289
21163292
21163293
21163296
21163297
21163300
21163301
21163304
21163305
21163308
21163309
21163312
21163314
21163317
21163318
21163322
21163323
21163327
21163328
21163331
21163333
21163336
21163337
21163340
21163341
21163344
21163345
21163348
21163349
21163352
21163353
21163361
21163362
21163366
21163367
21163372
21163374
21163376
21163378
21163381
21163382
21163385
21163386
21163395
21163396
21163399
21163400
21163403
21163405
21159773
21159779
21159675
21159682
21159720
21159728
21159768
21159769
21159774
21159775
21159778
21159780
21159641
21159642
21159646
21159647
21159652
21159653
21159656
21159657
21159660
21159661
21159662
21159665
21159666
21159669
21159670
21159671
21159674
21159676
21159679
21159680
21159685
21159686
21159691
21159692
21159696
21159697
21159701
21159702
21159703
21159706
21159707
21159710
21159711
21159712
21159713
21159716
21159717
21159721
21159722
21159725
21159726
21159730
21159731
21159735
21159736
21159742
21159743
21159748
21159750
21159751
21159755
21159756
21159759
21159760
21159763
21159764
21159767
21161220
21161080
21161105
21161124
21161148
21161167
21161194
21161213
21161218
21161222
21161223
21161226
21161228
21161072
21161074
21161077
21161078
21161082
21161083
21161086
21161087
21161090
21161091
21161094
21161095
21161098
21161099
21161102
21161103
21161107
21161108
21161111
21161113
21161116
21161118
21161121
21161122
21161126
21161127
21161128
21161133
21161134
21161135
21161138
21161139
21161144
21161145
21161149
21161150
21161153
21161154
21161158
21161159
21161163
21161164
21161168
21161169
21161172
21161173
21161174
21161175
21161178
21161179
21161182
21161183
21161186
21161187
21161190
21161191
21161195
21161196
21161200
21161201
21161204
21161205
21161209
21161210
21161214
21161215
21160544
21160545
21160548
21160549
21160552
21160553
21160428
21160429
21160432
21160433
21160436
21160437
21160440
21160441
21160444
21160445
21160448
21160449
21160452
21160453
21160456
21160457
21160460
21160461
21160464
21160467
21160468
21160471
21160472
21160475
21160476
21160477
21160480
21160481
21160484
21160485
21160489
21160490
21160493
21160494
21160497
21160498
21160501
21160502
21160505
21160506
21160510
21160511
21160514
21160515
21160518
21160519
21160522
21160523
21160526
21160527
21160530
21160531
21160534
21160535
21160539
21160540
21158838
21158714
21158739
21158758
21158783
21158803
21158828
21158835
21158836
21158837
21158841
21158842
21158846
21158847
21158707
21158709
21158712
21158713
21158717
21158718
21158721
21158722
21158725
21158726
21158729
21158730
21158733
21158734
21158737
21158738
21158742
21158743
21158748
21158749
21158752
21158753
21158756
21158757
21158761
21158762
21158765
21158766
21158769
21158770
21158773
21158774
21158777
21158778
21158779
21158782
21158784
21158787
21158788
21158792
21158793
21158802
21158804
21158807
21158808
21158811
21158812
21158813
21158816
21158817
21158820
21158821
21158824
21158825
21158829
21158830
21162733
21162738
21162649
21162682
21162688
21162725
21162726
21162729
21162730
21162734
21162735
21162739
21162740
21162619
21162620
21162625
21162626
21162629
21162630
21162633
21162634
21162637
21162638
21162641
21162642
21162645
21162646
21162650
21162651
21162654
21162656
21162657
21162661
21162662
21162665
21162666
21162669
21162670
21162671
21162674
21162675
21162678
21162679
21162680
21162684
21162685
21162689
21162690
21162693
21162695
21162696
21162699
21162701
21162704
21162705
21162708
21162709
21162713
21162714
21162717
21162718
21162721
21162722
21159231
21159238
21159132
21159139
21159177
21159183
21159220
21159226
21159229
21159230
21159234
21159235
21159096
21159097
21159100
21159102
21159103
21159107
21159108
21159112
21159113
21159114
21159117
21159118
21159121
21159122
21159125
21159126
21159127
21159130
21159131
21159136
21159137
21159141
21159142
21159146
21159147
21159151
21159152
21159155
21159156
21159157
21159160
21159161
21159164
21159165
21159169
21159170
21159174
21159175
21159179
21159180
21159184
21159185
21159188
21159190
21159193
21159194
21159198
21159199
21159203
21159204
21159207
21159208
21159211
21159212
21159215
21159216
21159221
21159222
21163602
21163427
21163474
21163481
21163535
21163541
21163598
21163604
21163612
21163613
21163616
21163423
21163424
21163428
21163429
21163433
21163434
21163439
21163440
21163444
21163445
21163446
21163452
21163453
21163456
21163457
21163461
21163462
21163467
21163468
21163472
21163473
21163477
21163478
21163483
21163484
21163488
21163489
21163492
21163494
21163497
21163499
21163500
21163504
21163505
21163508
21163509
21163515
21163516
21163521
21163522
21163526
21163527
21163530
21163531
21163536
21163537
21163540
21163542
21163546
21163547
21163552
21163553
21163558
21163559
21163564
21163565
21163569
21163570
21163574
21163575
21163578
21163579
21163580
21163581
21163582
21163583
21163589
21163590
21163593
21163594
21163599
21163600
21163605
21163606
21159916
21159922
21159801
21159827
21159834
21159874
21159880
21159911
21159912
21159917
21159918
21159921
21159923
21159783
21159784
21159788
21159789
21159793
21159794
21159798
21159799
21159803
21159805
21159806
21159811
21159812
21159813
21159817
21159818
21159821
21159822
21159823
21159826
21159828
21159829
21159835
21159836
21159840
21159842
21159846
21159847
21159853
21159854
21159857
21159858
21159862
21159863
21159866
21159867
21159870
21159871
21159875
21159876
21159881
21159882
21159887
21159888
21159891
21159892
21159896
21159897
21159898
21159903
21159904
21159907
21159908
21161060
21161063
21161064
21161067
21161068
21160915
21160916
21160919
21160920
21160923
21160924
21160927
21160928
21160932
21160933
21160936
21160937
21160940
21160941
21160944
21160945
21160948
21160949
21160952
21160953
21160956
21160957
21160960
21160961
21160964
21160965
21160968
21160969
21160972
21160973
21160975
21160977
21160981
21160982
21160985
21160986
21160989
21160992
21160993
21160996
21160997
21161000
21161001
21161004
21161005
21161008
21161009
21161012
21161013
21161016
21161017
21161020
21161021
21161022
21161025
21161026
21161030
21161031
21161032
21161035
21161039
21161040
21161043
21161044
21161047
21161048
21161051
21161052
21161053
21161056
21161057
21158553
21158475
21158501
21158521
21158543
21158546
21158547
21158550
21158551
21158555
21158556
21158559
21158561
21158466
21158472
21158473
21158477
21158480
21158481
21158484
21158485
21158488
21158493
21158495
21158498
21158502
21158503
21158506
21158508
21158511
21158516
21158517
21158523
21158526
21158527
21158530
21158531
21158534
21158535
21158538
21158539
21158542
21161377
21161384
21161264
21161270
21161323
21161330
21161368
21161374
21161378
21161379
21161382
21161383
21161230
21161231
21161235
21161236
21161240
21161241
21161244
21161245
21161246
21161249
21161250
21161251
21161255
21161256
21161259
21161260
21161263
21161265
21161268
21161271
21161272
21161275
21161276
21161280
21161281
21161285
21161286
21161289
21161290
21161294
21161295
21161296
21161300
21161301
21161302
21161305
21161306
21161309
21161310
21161313
21161314
21161317
21161318
21161321
21161322
21161326
21161327
21161331
21161332
21161336
21161337
21161340
21161341
21161345
21161346
21161349
21161350
21161353
21161354
21161361
21161362
21161365
21161366
21161370
21161371
21159340
21159347
21159274
21159281
21159317
21159323
21159334
21159335
21159338
21159339
21159343
21159344
21159348
21159349
21159243
21159244
21159247
21159248
21159252
21159253
21159256
21159257
21159260
21159261
21159264
21159265
21159268
21159269
21159272
21159273
21159277
21159278
21159282
21159283
21159287
21159288
21159291
21159293
21159296
21159297
21159300
21159301
21159302
21159305
21159306
21159309
21159310
21159313
21159314
21159318
21159319
21159324
21159325
21159328
21159329
21163743
21163750
21163671
21163677
21163726
21163732
21163744
21163745
21163751
21163752
21163618
21163619
21163627
21163628
21163631
21163634
21163635
21163638
21163639
21163643
21163644
21163648
21163649
21163652
21163653
21163656
21163657
21163661
21163662
21163666
21163667
21163670
21163672
21163678
21163679
21163682
21163683
21163688
21163689
21163693
21163694
21163698
21163699
21163704
21163705
21163709
21163710
21163713
21163714
21163715
21163721
21163722
21163728
21163729
21163730
21163736
21163737
21161749
21161754
21161660
21161668
21161707
21161712
21161745
21161746
21161750
21161751
21161755
21161756
21161757
21161618
21161619
21161621
21161624
21161625
21161629
21161630
21161635
21161636
21161639
21161640
21161644
21161647
21161648
21161651
21161652
21161653
21161656
21161657
21161658
21161659
21161661
21161662
21161670
21161671
21161676
21161677
21161681
21161682
21161685
21161686
21161689
21161690
21161693
21161694
21161697
21161698
21161702
21161703
21161708
21161709
21161713
21161714
21161717
21161719
21161723
21161724
21161730
21161731
21161736
21161737
21161740
21161741
21161897
21161900
21161901
21161904
21161905
21161760
21161761
21161764
21161765
21161768
21161773
21161776
21161777
21161780
21161782
21161785
21161786
21161787
21161790
21161791
21161794
21161795
21161798
21161799
21161802
21161803
21161806
21161807
21161810
21161816
21161819
21161820
21161823
21161824
21161827
21161828
21161831
21161832
21161835
21161837
21161840
21161842
21161845
21161847
21161850
21161851
21161854
21161855
21161858
21161859
21161862
21161863
21161864
21161867
21161868
21161871
21161873
21161876
21161877
21161878
21161882
21161884
21161887
21161888
21161889
21161892
21161893
21161896
21158695
21158703
21158607
21158613
21158651
21158657
21158691
21158692
21158696
21158697
21158700
21158701
21158563
21158564
21158568
21158569
21158573
21158574
21158577
21158578
21158582
21158583
21158586
21158587
21158590
21158591
21158594
21158595
21158598
21158599
21158602
21158603
21158608
21158609
21158612
21158616
21158617
21158620
21158622
21158625
21158627
21158630
21158631
21158634
21158635
21158636
21158639
21158640
21158643
21158644
21158647
21158648
21158652
21158653
21158656
21158658
21158661
21158662
21158666
21158667
21158670
21158671
21158673
21158674
21158677
21158678
21158683
21158684
21158687
21158688
21160040
21160046
21159976
21159981
21160020
21160026
21160035
21160036
21160041
21160042
21160047
21160048
21159933
21159934
21159938
21159939
21159943
21159944
21159947
21159948
21159952
21159953
21159956
21159957
21159960
21159961
21159964
21159965
21159968
21159969
21159972
21159973
21159977
21159978
21159982
21159983
21159986
21159987
21159991
21159992
21159997
21159998
21160001
21160002
21160005
21160006
21160009
21160010
21160013
21160014
21160017
21160018
21160022
21160023
21160027
21160028
21160905
21160912
21160819
21160824
21160863
21160868
21160899
21160900
21160903
21160904
21160908
21160909
21160913
21160914
21160790
21160791
21160795
21160796
21160799
21160800
21160803
21160804
21160807
21160808
21160811
21160812
21160815
21160816
21160820
21160821
21160825
21160826
21160829
21160830
21160834
21160835
21160839
21160840
21160843
21160844
21160847
21160848
21160851
21160852
21160855
21160856
21160859
21160860
21160864
21160865
21160869
21160870
21160873
21160874
21160878
21160879
21160883
21160884
21160887
21160888
21160891
21160892
21160895
21160896
21160685
21160570
21160594
21160616
21160640
21160659
21160679
21160682
21160683
21160687
21160688
21160691
21160693
21160694
21160563
21160565
21160568
21160569
21160573
21160574
21160577
21160580
21160581
21160584
21160586
21160587
21160590
21160591
21160592
21160596
21160597
21160600
21160602
21160605
21160606
21160610
21160611
21160614
21160617
21160618
21160621
21160623
21160624
21160627
21160628
21160631
21160632
21160635
21160636
21160639
21160641
21160642
21160646
21160650
21160651
21160656
21160657
21160661
21160662
21160663
21160666
21160667
21160670
21160671
21160674
21160675
21160676
21162093
21162132
21161943
21161950
21161990
21161997
21162037
21162043
21162083
21162089
21162128
21162129
21161908
21161909
21161913
21161914
21161919
21161920
21161925
21161926
21161927
21161930
21161931
21161934
21161935
21161938
21161939
21161942
21161944
21161945
21161949
21161951
21161955
21161956
21161962
21161963
21161967
21161968
21161971
21161972
21161975
21161976
21161979
21161980
21161981
21161984
21161985
21161994
21161995
21162001
21162002
21162007
21162008
21162012
21162013
21162018
21162019
21162023
21162024
21162029
21162030
21162033
21162034
21162038
21162039
21162044
21162045
21162046
21162050
21162051
21162057
21162058
21162062
21162063
21162068
21162069
21162074
21162075
21162079
21162080
21162084
21162085
21162090
21162091
21162095
21162097
21162101
21162102
21162107
21162108
21162111
21162112
21162115
21162116
21162119
21162120
21162123
21162124
21161561
21161568
21161607
21161608
21161387
21161388
21161391
21161392
21161395
21161396
21161399
21161400
21161403
21161404
21161408
21161409
21161413
21161414
21161419
21161420
21161423
21161424
21161427
21161429
21161430
21161435
21161436
21161440
21161441
21161445
21161446
21161449
21161450
21161454
21161455
21161458
21161459
21161463
21161464
21161470
21161471
21161474
21161475
21161479
21161480
21161483
21161485
21161486
21161491
21161492
21161495
21161496
21161499
21161500
21161504
21161505
21161508
21161509
21161514
21161515
21161517
21161520
21161521
21161526
21161527
21161531
21161532
21161533
21161537
21161538
21161543
21161544
21161552
21161553
21161556
21161557
21161560
21161562
21161563
21161564
21161567
21161569
21161572
21161573
21161577
21161578
21161582
21161583
21161586
21161588
21161591
21161592
21161593
21161594
21161595
21161600
21161601
21158455
21158290
21158315
21158333
21158358
21158377
21158401
21158420
21158445
21158457
21158458
21158461
21158463
21158285
21158287
21158289
21158293
21158294
21158297
21158298
21158301
21158302
21158305
21158306
21158307
21158310
21158311
21158314
21158318
21158319
21158322
21158323
21158327
21158328
21158331
21158332
21158336
21158337
21158340
21158343
21158344
21158347
21158348
21158351
21158352
21158355
21158356
21158360
21158361
21158362
21158366
21158367
21158371
21158374
21158375
21158379
21158380
21158383
21158385
21158387
21158389
21158392
21158393
21158396
21158397
21158400
21158402
21158405
21158406
21158410
21158411
21158414
21158416
21158419
21158421
21158424
21158425
21158428
21158429
21158432
21158433
21158436
21158437
21158438
21158441
21158442
21158446
21158447
21158450
21158451
21188403
21188410
21188310
21188315
21188353
21188360
21188397
21188398
21188401
21188402
21188406
21188407
21188411
21188412
21188278
21188279
21188282
21188284
21188287
21188288
21188293
21188294
21188298
21188299
21188302
21188303
21188306
21188307
21188311
21188312
21188316
21188317
21188320
21188322
21188325
21188326
21188330
21188331
21188332
21188335
21188336
21188337
21188342
21188344
21188345
21188348
21188349
21188354
21188355
21188358
21188359
21188363
21188364
21188368
21188371
21188373
21188376
21188377
21188380
21188381
21188384
21188385
21188393
21188394
21187494
21187501
21187452
21187458
21187487
21187488
21187492
21187493
21187498
21187499
21187389
21187390
21187396
21187397
21187400
21187401
21187405
21187406
21187410
21187411
21187414
21187415
21187419
21187420
21187423
21187424
21187428
21187429
21187432
21187433
21187436
21187437
21187441
21187442
21187445
21187446
21187449
21187450
21187454
21187455
21187459
21187460
21187463
21187465
21187468
21187469
21187472
21187474
21187477
21187478
21187483
21187484
21188551
21188422
21188447
21188466
21188493
21188512
21188537
21188548
21188549
21188553
21188554
21188557
21188559
21188414
21188416
21188419
21188420
21188424
21188425
21188428
21188429
21188432
21188433
21188436
21188437
21188440
21188441
21188444
21188445
21188449
21188450
21188453
21188455
21188458
21188460
21188461
21188464
21188465
21188469
21188470
21188473
21188474
21188477
21188478
21188479
21188480
21188483
21188484
21188488
21188489
21188490
21188495
21188496
21188500
21188501
21188504
21188506
21188509
21188510
21188514
21188515
21188518
21188519
21188520
21188521
21188524
21188525
21188528
21188529
21188532
21188533
21188536
21188538
21188541
21188542
21188543
21188606
21188597
21188598
21188599
21188600
21188601
21188602
21188603
21188604
21189042
21189045
21189046
21189049
21189023
21189026
21189027
21189030
21189031
21189034
21189035
21189038
21188577
21188563
21188566
21188567
21187965
21187973
21188571
21188572
21188575
21188576
21188580
21188582
21188585
21187122
21187108
21187109
21187112
21187113
21187116
21187117
21187120
21187121
21187125
21187126
21187130
21187101
21187104
21187106
21186974
21186981
21186900
21186907
21186943
21186949
21186968
21186969
21186972
21186973
21186978
21186979
21186865
21186866
21186870
21186871
21186876
21186877
21186881
21186882
21186886
21186887
21186890
21186891
21186894
21186895
21186898
21186899
21186903
21186904
21186908
21186909
21186914
21186915
21186918
21186920
21186923
21186924
21186928
21186929
21186932
21186933
21186936
21186937
21186940
21186941
21186945
21186946
21186950
21186951
21186954
21186956
21186959
21186960
21186964
21186965
21188761
21188696
21188722
21188742
21188752
21188755
21188756
21188759
21188763
21188764
21188768
21188686
21188689
21188691
21188694
21188695
21188697
21188699
21188702
21188701
21188704
21188707
21188708
21188709
21188712
21188718
21188721
21188723
21188726
21188729
21188732
21188738
21188741
21188743
21188746
21188748
21188751
21187528
21187513
21187514
21187517
21187518
21187521
21187522
21187525
21187526
21187530
21187531
21187534
21187536
21187511
21187253
21187252
21188784
21188788
21188771
21188772
21188778
21188779
21188780
21188783
21188785
21188969
21188798
21188823
21188842
21188879
21188884
21188901
21188908
21188975
21188995
21189018
21189022
21188789
21188792
21188794
21188797
21188799
21188802
21188803
21188806
21188807
21188808
21188811
21188814
21188815
21188818
21188819
21188822
21188824
21188827
21188828
21188832
21188833
21188837
21188838
21188841
21188843
21188846
21188847
21188850
21188851
21188854
21188855
21188856
21188859
21188860
21188861
21188862
21188865
21188866
21188870
21188871
21188874
21188875
21188880
21188881
21188885
21188886
21188889
21188890
21188894
21188895
21188896
21188906
21188907
21188911
21188912
21188916
21188917
21188921
21188922
21188925
21188926
21188930
21188931
21188934
21188935
21188939
21188940
21188941
21189390
21188943
21188946
21188947
21188951
21188952
21188955
21188956
21188957
21188958
21188962
21188963
21188966
21188967
21188971
21188972
21188976
21188977
21188980
21188982
21188986
21188987
21188991
21188992
21188996
21188997
21189000
21189001
21189004
21189005
21189008
21189009
21189012
21189013
21189258
21189277
21189297
21189306
21189330
21189350
21189375
21189388
21189389
21189394
21189395
21189237
21189238
21189241
21189242
21189245
21189246
21189249
21189250
21189253
21189254
21189257
21189259
21189260
21189264
21189265
21189268
21189269
21189273
21189274
21189278
21189279
21189281
21189284
21189285
21189288
21189289
21189292
21189293
21189296
21189300
21189301
21189304
21189305
21189309
21189310
21189313
21189314
21189317
21189318
21189321
21189322
21189326
21189327
21189331
21189332
21189335
21189336
21189342
21189344
21189351
21189352
21189355
21189356
21189359
21189360
21189361
21189364
21189365
21189368
21189369
21189372
21189373
21189374
21189378
21189379
21189383
21189384
21188122
21188141
21188167
21188185
21188206
21187974
21187975
21187979
21187980
21187983
21187984
21187987
21187988
21187991
21187992
21187995
21187996
21188000
21188001
21188004
21188005
21188008
21188009
21188012
21188013
21188016
21188017
21188020
21188021
21188024
21188025
21188029
21188031
21188034
21188035
21188038
21188039
21188043
21188044
21188045
21188048
21188049
21188050
21188053
21188056
21188057
21188060
21188061
21188064
21188065
21188069
21188070
21188073
21188074
21188077
21188078
21188081
21188082
21188085
21188087
21188090
21188091
21188094
21188096
21188098
21188099
21188101
21188104
21188105
21188107
21188109
21188115
21188118
21188119
21188123
21188124
21188128
21188130
21188133
21188135
21188136
21188139
21188140
21188145
21188146
21188149
21188150
21188153
21188154
21188158
21188159
21188163
21188164
21188168
21188169
21188173
21188174
21188179
21188180
21188186
21188187
21188190
21188191
21188194
21188195
21188198
21188199
21188202
21188203
21186983
21187014
21187033
21187057
21187076
21187086
21187090
21187092
21187095
21187096
21187099
21186984
21186987
21186990
21186991
21186994
21186997
21186998
21187001
21187002
21187005
21187006
21187009
21187010
21187013
21187015
21187018
21187020
21187023
21187024
21187026
21187029
21187030
21187034
21187035
21187038
21187039
21187042
21187043
21187046
21187047
21187050
21187052
21187053
21187056
21187058
21187061
21187063
21187066
21187067
21187072
21187073
21187077
21187078
21187079
21187082
21187083
21187734
21187585
21187609
21187628
21187651
21187670
21187704
21187723
21187735
21187738
21187739
21187743
21187576
21187579
21187581
21187584
21187586
21187589
21187590
21187593
21187594
21187597
21187598
21187601
21187602
21187605
21187606
21187610
21187613
21187617
21187618
21187621
21187623
21187626
21187627
21187629
21187632
21187633
21187636
21187637
21187638
21187641
21187642
21187645
21187646
21187647
21187650
21187652
21187655
21187656
21187660
21187661
21187664
21187666
21187669
21187671
21187674
21187676
21187679
21187681
21187684
21187685
21187688
21187689
21187692
21187693
21187694
21187697
21187698
21187701
21187702
21187706
21187707
21187712
21187713
21187714
21187718
21187719
21187724
21187725
21187728
21187729
21187379
21187387
21187289
21187295
21187333
21187340
21187374
21187375
21187376
21187380
21187381
21187384
21187385
21187254
21187255
21187259
21187260
21187264
21187265
21187269
21187270
21187273
21187274
21187277
21187278
21187281
21187282
21187285
21187286
21187290
21187291
21187294
21187296
21187299
21187300
21187304
21187305
21187309
21187310
21187313
21187314
21187317
21187318
21187321
21187322
21187325
21187326
21187329
21187330
21187339
21187341
21187344
21187345
21187349
21187350
21187354
21187355
21187358
21187359
21187362
21187363
21187366
21187367
21188675
21188681
21188641
21188647
21188665
21188666
21188668
21188669
21188671
21188672
21188676
21188677
21188680
21188682
21188607
21188608
21188612
21188613
21188617
21188618
21188621
21188622
21188625
21188626
21188629
21188630
21188633
21188634
21188637
21188638
21188642
21188643
21188646
21188648
21188651
21188652
21188653
21188657
21188658
21188662
21188663
21188265
21188272
21188243
21188254
21188255
21188258
21188259
21188262
21188263
21188267
21188268
21188271
21188273
21188210
21188212
21188215
21188216
21188220
21188221
21188225
21188226
21188229
21188230
21188233
21188234
21188235
21188238
21188239
21188244
21188245
21188249
21188250
21187920
21187961
21187777
21187784
21187820
21187827
21187874
21187881
21187890
21187938
21187943
21187959
21187962
21187963
21187747
21187748
21187751
21187753
21187757
21187758
21187761
21187762
21187765
21187766
21187769
21187771
21187772
21187775
21187776
21187780
21187781
21187785
21187786
21187790
21187791
21187794
21187795
21187799
21187800
21187803
21187804
21187807
21187808
21187809
21187812
21187813
21187816
21187817
21187821
21187822
21187825
21187826
21187830
21187831
21187836
21187837
21187841
21187842
21187845
21187846
21187847
21187852
21187853
21187856
21187857
21187860
21187861
21187864
21187865
21187868
21187869
21187870
21187873
21187875
21187878
21187879
21187883
21187884
21187887
21187888
21187892
21187893
21187897
21187898
21187899
21187903
21187904
21187907
21187908
21187912
21187913
21187916
21187917
21187921
21187922
21187925
21187926
21187929
21187930
21187933
21187934
21187939
21187940
21187944
21187945
21187950
21187951
21187954
21187955
21189182
21189214
21189219
21189222
21189223
21189227
21189056
21189061
21189062
21189065
21189066
21189070
21189071
21189075
21189076
21189081
21189082
21189086
21189087
21189091
21189092
21189095
21189096
21189099
21189100
21189103
21189104
21189108
21189109
21189110
21189113
21189114
21189117
21189118
21189124
21189125
21189129
21189130
21189133
21189134
21189138
21189139
21189142
21189143
21189147
21189148
21189151
21189152
21189157
21189158
21189161
21189162
21189166
21189167
21189170
21189171
21189174
21189175
21189178
21189179
21189183
21189184
21189187
21189189
21189192
21189194
21189195
21189198
21189199
21189202
21189203
21189206
21189207
21189210
21189211
21189215
21189216
21187240
21187247
21187167
21187174
21187211
21187218
21187236
21187237
21187241
21187244
21187245
21187249
21187132
21187136
21187137
21187140
21187142
21187145
21187146
21187149
21187151
21187158
21187159
21187163
21187164
21187168
21187169
21187172
21187173
21187177
21187178
21187182
21187183
21187187
21187188
21187191
21187192
21187195
21187196
21187199
21187200
21187203
21187204
21187207
21187208
21187212
21187213
21187216
21187217
21187221
21187222
21187226
21187227
21187231
21187232
