20816807
20816808
20826543
20826544
20851487
20851488
20851407
20851408
20904270
20904271
20904380
20904381
20905059
20905061
20904506
20904507
20993613
20993614
20993786
20993787
20993675
20993676
20993607
20993608
20994068
20994069
21030891
21030892
21030893
21030894
21031149
21031150
21030775
21030776
21070467
21070468
21071683
21071684
21071126
21071127
21071209
21071210
21096715
21096716
21096773
21096774
21097000
21097007
21097056
21097063
21177042
21177050
21177797
21177802
21177870
21177879
21177950
21177958
21177502
21177509
21177479
21177634
21177640
21177651
