125426 
107528 
106633 
162097 
116579 
131009 
143464 
153811 
107316 
133280 
136822 
106220 
104469 
136572 
148257 
129643 
133520 
143507 
106834 
142938 
126072 
143420 
153867 
141810 
145160 
130043 
153741 
144126 
130914 
105390 
149951 
109709 
105819 
118475 
113532 
114915 
148712 
143478 
122059 
119970 
142804 
148604 
106771 
133811 
117352 
141427 
148511 
138521 
116701 
110645 
149939 
129840 
139181 
140552 
126977 
147988 
131251 
143477 
135076 
138959 
121672 
121955 
146077 
116107 
128855 
131418 
103992 
159474 
130111 
105092 
119797 
136295 
110697 
116607 
103570 
138851 
120161 
129760 
139856 
109571 
118108 
141295 
148380 
123289 
151829 
159555 
122055 
128669 
148025 
120903 
126933 
123382 
144457 
130521 
126152 
143619 
135732 
161807 
147984 
128764 
116020 
110829 
116448 
127949 
145923 
129845 
115690 
144021 
122052 
112298 
148057 
107753 
136345 
121763 
161920 
110688 
132599 
132601 
141425 
148509 
138706 
120162 
149874 
108025 
112127 
113176 
114535 
161949 
129759 
110299 
117405 
115261 
127136 
109047 
111990 
112327 
148731 
145876 
151184 
121914 
138534 
127038 
136369 
121968 
119969 
162153 
138792 
113366 
114749 
104333 
127638 
112958 
114486 
135483 
144660 
145064 
133307 
136849 
144188 
140568 
131238 
138502 
126073 
127719 
113254 
114621 
161815 
143476 
149385 
143872 
119964 
161457 
113599 
114982 
131031 
147914 
135764 
107741 