122793
138837
147971
126333
141954
145703
150407
151779
117645
117648
141614
115986
111421
135643
126406
121924
136568
146012
128758
151222
128078
132072
127695
135071
138954
117612
136733
132521
104674
113097
114265
127737
109726
115806
113031
114199
133722
127998
115571
105032
125363
129764
151201
107216
132996
133617
109279
142984
113032
114200
159598
105346
150102
136732
110911
159749
131127
107920
105042
159654
148304
137024
121898
150597
104162
160106
159195
160429
106201
110667
113683
115066
106822
141655
136536
109721
126365
148194
135455
146433
109685
148582
162144
103666
122877
117994
125457
159661
148336
159437
145894
148324
108641
128242
111023
107187
131349
116226
133446
122955
159441
118352
136189
116878
117567
136947
135036
138920
136933
132883
120170
129976
128545
111792
115695
128452
151860
146019
159282
103768
117031
113426
114809
145866
121862
145039
105513
115382
116488
113481
114864
118401
143164
112131
113180
114539
161557
127591
126380
151499
115396
115849
116587
107700
128399
143812
136664
161711
161712
161713
115240
106595
151293
112005
117993
133550
148919
116072
110133
106067
121861
159479
115781
144799
141572
149328
146252
151315
139451
111593
143936
125364
111397
141145
120288
113716
115099
149236
148890
150382
145883
123684
109081
108142
128818
107100
118463
131083
104873
110809
116782
141508
111745
129954
122410
133447
139258
107445
103722
141613
104150
115418
117154
120206
120296
110145
122281
125933
115249
105033
160435
145038
161761
112011
104973
144450
122543
132831
121740
144798
123571
115740
118134
106775
103638
130454
106566
117977
144122
109746
127103
122807
143778
104119
149754
128189
142130
148892
115694
107409
129678
104938
115943
105250
104561
151116
111597
112843
114371
149543
136420
150381
141599
123620
113341
114724
133467
110323
143412
134812
159529
151430
105450
120639
107016
150629
136359
149222
110113
144534
107454
104869
162151
160015
136949
123282
148692
106366
149855
136382
115648
150062
104783
106253
106257
104474
150878
141761
145111
151473
144268
149024
116924
149265
146298
151359
119885
106892
103772
110818
104356
104357
151193
141304
148388
151669
139852
118039
151139
105871
103665
123064
109702
115572
116552
120341
160265
136067
143440
107524
148878
105403
142944
105596
150814
146253
151316
141859
145207
134987
123483
148058
143398
112405
113090
114258
104811
125653
138641
113623
115006
145684
130226
144189
160107
143668
143589
150613
122867
107606
144279
149035
129664
122276
125928
132888
132458
149727
136413
132896
135679
107371
142894
113624
115007
109037
161587
132635
108803
108174
136392
120050
108811
133796
120348
120753
121544
147940
136677
117334
159915
120558
150000
130370
150619
144641
135049
138932
132982
144640
119707
138875
126097
128417
109826
131197
160440
133460
144271
149027
149803
162108
153806
113658
115041
135798
117297
151259
122351
127233
151520
109750
108627
109525
143037
132955
159876
150731
110023
133112
135835
149537
112977
114505
122334
127216
107008
119815
161456
118571
123874
161728
148252
150732
160449
105795
122130
151899
119866
132662
139352
125619
133784
108292
122132
118315
162119
148718
110841
139282
159278
148200
145685
106333
143394
139817
104168
120080
143923
134886
109771
144914
127909
160434
106778
133345
136887
151388
127614
149717
120842
146479
151495
133049
139295
103903
143297
120711
160163
103639
153810
148909
136665
144163
121959
142985
104052
125799
107774
141712
120378
138647
132895
136164
136167
161710
123390
143548
115241
144227
148984
122557
112354
160095
121858
106334
161538
105731
144410
147952
119865
104835
139278
149175
128177
121757
133794
133249
136791
150499
133243
135965
136358
125663
145487
106767
127392
136215
128508
146378
125626
148313
116781
104197
105255
153892
149204
125495
105467
136090
150072
148775
129929
108313
159410
117533
108525
110015
142790
160391
127767
123651
145012
138779
118647
113428
114811
116185
129872
123586
150670
136470
149388
130205
127020
149869
116743
104510
131270
132326
149542
110203
120996
123721
133310
136852
159916
103965
143349
106881
117235
140679
123452
126126
116811
109524
132901
136516
151227
120779
115895
122719
160117
145538
133625
122919
110179
159597
105402
136656
112901
114429
145008
106914
122330
127212
149822
115819
139250
105872
117276
116321
128836
123057
126246
150103
109899
139390
106016
153803
104304
104490
123283
123647
128901
131463
136031
146057
141267
106884
122556
136019
105993
144469
133011
120030
135414
133285
136827
122724
150812
123489
159806
122326
127208
135637
139714
104720
131170
121713
121717
151302
140368
106078
118317
161564
118392
149721
143955
117258
109301
151585
151168
132495
151716
113361
114744
116378
107672
141753
145103
111027
109373
107525
104319
104372
144882
116989
141660
160270
131082
148199
106438
118500
151884
136046
108545
112006
136054
136932
122925
109192
108802
126024
119886
113488
114871
148719
113572
114955
149343
142950
141190
134681
126871
159443
113456
114839
131308
126318
122653
123032
118135
151751
111918
142281
146332
130135
106025
122887
143743
141752
145102
140426
151516
143334
151226
159391
111352
136222
150356
133353
136895
118462
140409
105931
104528
109361
150106
151434
132314
151240
130416
113457
114840
120964
110016
106382
118622
123925
107919
132152
118479
120867
132414
148305
110724
161586
140441
122252
125904
104565
120843
160122
143854
105867
121739
109111
159748
149854
122035
139236
128314
141829
145178
107419
103733
130516
151517
117054
143802
139732
139256
104721
136032
121630
145662
108134
113773
115156
127356
103972
139115
160297
116368
161804
116786
136950
116990
118515
122129
145047
110470
149226
125685
143090
120356
149361
143588
120930
120180
145884
125487
110926
128619
127763
125620
108806
143318
120373
111728
120395
125327
151496
143862
135582
141579
145584
113733
115116
149871
120991
123716
125516
107788
140440
139314
127997
150473
133190
135913
161982
133644
134789
106965
122316
127198
149336
127004
141178
147973
117672
143038
111889
149221
111672
151103
105670
144800
143831
149225
122390
159793
116744
149392
122810
110485
128148
127641
141366
148451
150624
148091
116788
138741
151881
110672
146015
110006
128288
115899
110160
142187
121531
121080
123805
126025
123279
147884
127183
107325
105124
112111
113160
114519
136185
108544
117006
160002
143277
132863
153890
125677
122258
125910
122466
137073
104963
144860
134892
141997
145743
132071
153807
161729
160016
134873
149995
125557
141656
112218
136407
120963
143793
110560
142280
146331
149341
144624
141706
111375
116932
122837
159644
106779
150614
150276
106915
105856
117528
139492
115446
151720
132636
123102
120832
105674
107414
107320
136976
115344
104533
110503
110770
107188
117665
110593
105401
139851
109900
108531
161963
151868
150901
150019
136944
150704
104189
143994
110981
132736
104653
122923
135311
159832
143990
141552
128025
139828
143214
123646
110618
160315
127953
133151
135874
139304
141990
145736
150440
113028
114196
140562
105536
127932
136488
111627
135532
131077
139816
