   1.9315         36.9
       1.9515       48.961
       1.9741        52.48
       1.9716       59.676
       1.9303       75.157
       1.9768       74.082
       2.0459       91.023
       4.1059       29.927
       4.0969       48.519
       4.0991       55.222
       4.0351        65.65
       4.0492       73.647
       4.0578       80.159
       4.1086       106.44
       6.1768       28.108
       6.1456       46.829
       6.0114       62.085
       6.0791       63.967
       6.1201       70.039
        6.112       77.502
       6.1711       100.27
       9.9545       27.224
       10.027       44.332
       9.7823       60.505
       9.9593       59.313
       10.015       65.237
       9.8388       77.665
       9.8725       100.93
       1.9802        22.56
       1.8984       61.553
       1.9837       95.369
       1.9068        28.81
       1.9056       59.379
       1.9733        100.5
       1.9517       25.276
       1.8768       63.565
       1.9944         91.1
       10.234       18.772
       9.9673       60.367
       10.084       93.707
       9.9544       26.703
        9.776       66.257
       9.7373       107.84
       10.104       22.218
       10.028       58.182
        10.08       94.501
       20.269       22.822
       19.895       66.523
       20.119       98.816
        19.64       32.398
       19.715       67.567
       20.039       99.539
        19.94       27.002
        19.99       61.394
       20.356        93.07


dev_thickness =

      0.13242


dev_density =

        4.272