       
       1.9851      0.15192 0
       1.9928        33.92 30
       1.9659       50.388 45
       2.0451       39.946 50
       1.9687       69.306 60
       2.0358       63.514 70
       2.0046       97.311 100
      
       6.0228     -0.55622 0
       6.0103       29.979 30
       5.9611       45.744 45
       5.9686       52.701 50
       5.9893       62.602 60
       6.0784       64.311 70
       5.9864       100.39 100
       
       9.9961       1.0659 0
       9.9948       29.836 30
       9.8427       49.562 45
       10.068       46.861 50
       10.085       56.767 60
       10.004       69.986 70
       9.9937       101.22 100

       coefficients
        di       ci

       -10.913	-358.62
        16.194	-174.83
         6.872	-56.569
        -5.871	353.88
      0.044326	-1.6099
       -3.4956	51.047
