  30      0   0.0  1.075267e+005      1.83
  30      5   0.0  1.035686e+005      1.74
  30     10   0.0  1.015808e+005      1.70
  30     15   0.0  1.005932e+005      1.68
  30    100   0.0  9.979280e+004      1.66
  30      0   0.5  1.081944e+005      1.85
  30      5   0.5  1.042205e+005      1.76
  30     10   0.5  1.022454e+005      1.71
  30     15   0.5  1.012744e+005      1.69
  30    100   0.5  1.005299e+005      1.67
  30      0   1.0  1.088401e+005      1.86
  30      5   1.0  1.048550e+005      1.77
  30     10   1.0  1.028950e+005      1.73
  30     15   1.0  1.019414e+005      1.71
  30    100   1.0  1.012511e+005      1.69
  30      0   1.5  1.094648e+005      1.88
  30      5   1.5  1.054726e+005      1.79
  30     10   1.5  1.035302e+005      1.74
  30     15   1.5  1.025947e+005      1.72
  30    100   1.5  1.019569e+005      1.71
  30      0   2.0  1.100693e+005      1.89
  30      5   2.0  1.060741e+005      1.80
  30     10   2.0  1.041515e+005      1.76
  30     15   2.0  1.032350e+005      1.74
  30    100   2.0  1.026479e+005      1.72
  30      0   2.5  1.106545e+005      1.91
  30      5   2.5  1.066603e+005      1.82
  30     10   2.5  1.047595e+005      1.77
  30     15   2.5  1.038625e+005      1.75
  30    100   2.5  1.033245e+005      1.74
  30      0   3.0  1.112210e+005      1.92
  30      5   3.0  1.072315e+005      1.83
  30     10   3.0  1.053546e+005      1.79
  30     15   3.0  1.044779e+005      1.76
  30    100   3.0  1.039870e+005      1.75
  30      0   3.5  1.117696e+005      1.93
  30      5   3.5  1.077884e+005      1.84
  30     10   3.5  1.059373e+005      1.80
  30     15   3.5  1.050813e+005      1.78
  30    100   3.5  1.046358e+005      1.77
  30      0   4.0  1.123009e+005      1.95
  30      5   4.0  1.083315e+005      1.86
  30     10   4.0  1.065078e+005      1.81
  30     15   4.0  1.056730e+005      1.79
  30    100   4.0  1.052711e+005      1.78
  30      0   4.5  1.128156e+005      1.96
  30      5   4.5  1.088611e+005      1.87
  30     10   4.5  1.070666e+005      1.83
  30     15   4.5  1.062534e+005      1.81
  30    100   4.5  1.058933e+005      1.80
  30      0   5.0  1.133143e+005      1.97
  30      5   5.0  1.093778e+005      1.88
  30     10   5.0  1.076139e+005      1.84
  30     15   5.0  1.068225e+005      1.82
  30    100   5.0  1.065025e+005      1.81
  35      0   0.0  1.337870e+005      2.42
  35      5   0.0  1.314855e+005      2.36
  35     10   0.0  1.297018e+005      2.32
  35     15   0.0  1.285763e+005      2.29
  35    100   0.0  1.277432e+005      2.27
  35      0   0.5  1.345123e+005      2.43
  35      5   0.5  1.322103e+005      2.38
  35     10   0.5  1.304430e+005      2.34
  35     15   0.5  1.293475e+005      2.31
  35    100   0.5  1.285977e+005      2.29
  35      0   1.0  1.352083e+005      2.45
  35      5   1.0  1.329059e+005      2.40
  35     10   1.0  1.311548e+005      2.36
  35     15   1.0  1.300885e+005      2.33
  35    100   1.0  1.294163e+005      2.31
  35      0   1.5  1.358769e+005      2.47
  35      5   1.5  1.335740e+005      2.42
  35     10   1.5  1.318389e+005      2.38
  35     15   1.5  1.308010e+005      2.35
  35    100   1.5  1.302011e+005      2.33
  35      0   2.0  1.365198e+005      2.49
  35      5   2.0  1.342164e+005      2.43
  35     10   2.0  1.324970e+005      2.39
  35     15   2.0  1.314868e+005      2.37
  35    100   2.0  1.309539e+005      2.35
  35      0   2.5  1.371385e+005      2.50
  35      5   2.5  1.348345e+005      2.45
  35     10   2.5  1.331306e+005      2.41
  35     15   2.5  1.321473e+005      2.38
  35    100   2.5  1.316767e+005      2.37
  35      0   3.0  1.377343e+005      2.52
  35      5   3.0  1.354298e+005      2.47
  35     10   3.0  1.337411e+005      2.43
  35     15   3.0  1.327839e+005      2.40
  35    100   3.0  1.323712e+005      2.39
  35      0   3.5  1.383088e+005      2.53
  35      5   3.5  1.360036e+005      2.48
  35     10   3.5  1.343298e+005      2.44
  35     15   3.5  1.333979e+005      2.42
  35    100   3.5  1.330390e+005      2.41
  35      0   4.0  1.388629e+005      2.55
  35      5   4.0  1.365571e+005      2.50
  35     10   4.0  1.348980e+005      2.46
  35     15   4.0  1.339907e+005      2.43
  35    100   4.0  1.336816e+005      2.42
  35      0   4.5  1.393979e+005      2.56
  35      5   4.5  1.370914e+005      2.51
  35     10   4.5  1.354467e+005      2.47
  35     15   4.5  1.345632e+005      2.45
  35    100   4.5  1.343004e+005      2.44
  35      0   5.0  1.399148e+005      2.58
  35      5   5.0  1.376076e+005      2.52
  35     10   5.0  1.359771e+005      2.48
  35     15   5.0  1.351166e+005      2.46
  35    100   5.0  1.348967e+005      2.45
  40      0   0.0  1.571056e+005      2.95
  40      5   0.0  1.532036e+005      2.86
  40     10   0.0  1.509065e+005      2.80
  40     15   0.0  1.494182e+005      2.77
  40    100   0.0  1.480135e+005      2.73
  40      0   0.5  1.580476e+005      2.97
  40      5   0.5  1.541015e+005      2.88
  40     10   0.5  1.518005e+005      2.83
  40     15   0.5  1.503256e+005      2.79
  40    100   0.5  1.489965e+005      2.75
  40      0   1.0  1.589582e+005      3.00
  40      5   1.0  1.549688e+005      2.91
  40     10   1.0  1.526645e+005      2.85
  40     15   1.0  1.512029e+005      2.81
  40    100   1.0  1.499445e+005      2.78
  40      0   1.5  1.598392e+005      3.02
  40      5   1.5  1.558074e+005      2.93
  40     10   1.5  1.535000e+005      2.87
  40     15   1.5  1.520518e+005      2.84
  40    100   1.5  1.508597e+005      2.80
  40      0   2.0  1.606925e+005      3.05
  40      5   2.0  1.566189e+005      2.95
  40     10   2.0  1.543089e+005      2.89
  40     15   2.0  1.528742e+005      2.86
  40    100   2.0  1.517443e+005      2.83
  40      0   2.5  1.615195e+005      3.07
  40      5   2.5  1.574049e+005      2.97
  40     10   2.5  1.550927e+005      2.92
  40     15   2.5  1.536715e+005      2.88
  40    100   2.5  1.526001e+005      2.85
  40      0   3.0  1.623216e+005      3.09
  40      5   3.0  1.581668e+005      2.99
  40     10   3.0  1.558529e+005      2.94
  40     15   3.0  1.544451e+005      2.90
  40    100   3.0  1.534287e+005      2.87
  40      0   3.5  1.631003e+005      3.11
  40      5   3.5  1.589060e+005      3.01
  40     10   3.5  1.565907e+005      2.96
  40     15   3.5  1.551965e+005      2.92
  40    100   3.5  1.542318e+005      2.89
  40      0   4.0  1.638567e+005      3.13
  40      5   4.0  1.596235e+005      3.03
  40     10   4.0  1.573073e+005      2.98
  40     15   4.0  1.559267e+005      2.94
  40    100   4.0  1.550109e+005      2.91
  40      0   4.5  1.645919e+005      3.15
  40      5   4.5  1.603208e+005      3.05
  40     10   4.5  1.580040e+005      2.99
  40     15   4.5  1.566370e+005      2.96
  40    100   4.5  1.557673e+005      2.93
  40      0   5.0  1.653071e+005      3.17
  40      5   5.0  1.609986e+005      3.07
  40     10   5.0  1.586817e+005      3.01
  40     15   5.0  1.573284e+005      2.98
  40    100   5.0  1.565022e+005      2.95
  45      0   0.0  1.817218e+005      3.54
  45      5   0.0  1.786013e+005      3.46
  45     10   0.0  1.758650e+005      3.39
  45     15   0.0  1.737237e+005      3.34
  45    100   0.0  1.712729e+005      3.27
  45      0   0.5  1.828535e+005      3.57
  45      5   0.5  1.797228e+005      3.49
  45     10   0.5  1.769876e+005      3.42
  45     15   0.5  1.748602e+005      3.37
  45    100   0.5  1.724945e+005      3.30
  45      0   1.0  1.839470e+005      3.61
  45      5   1.0  1.808066e+005      3.53
  45     10   1.0  1.780734e+005      3.46
  45     15   1.0  1.759605e+005      3.40
  45    100   1.0  1.736762e+005      3.33
  45      0   1.5  1.850041e+005      3.64
  45      5   1.5  1.818550e+005      3.56
  45     10   1.5  1.791245e+005      3.49
  45     15   1.5  1.770267e+005      3.43
  45    100   1.5  1.748204e+005      3.37
  45      0   2.0  1.860269e+005      3.67
  45      5   2.0  1.828697e+005      3.59
  45     10   2.0  1.801427e+005      3.52
  45     15   2.0  1.780606e+005      3.46
  45    100   2.0  1.759291e+005      3.40
  45      0   2.5  1.870170e+005      3.70
  45      5   2.5  1.838525e+005      3.62
  45     10   2.5  1.811297e+005      3.54
  45     15   2.5  1.790637e+005      3.49
  45    100   2.5  1.770042e+005      3.43
  45      0   3.0  1.879762e+005      3.73
  45      5   3.0  1.848050e+005      3.64
  45     10   3.0  1.820870e+005      3.57
  45     15   3.0  1.800377e+005      3.52
  45    100   3.0  1.780473e+005      3.46
  45      0   3.5  1.889060e+005      3.76
  45      5   3.5  1.857286e+005      3.67
  45     10   3.5  1.830162e+005      3.60
  45     15   3.5  1.809840e+005      3.54
  45    100   3.5  1.790603e+005      3.49
  45      0   4.0  1.898077e+005      3.78
  45      5   4.0  1.866248e+005      3.70
  45     10   4.0  1.839185e+005      3.63
  45     15   4.0  1.819038e+005      3.57
  45    100   4.0  1.800443e+005      3.52
  45      0   4.5  1.906828e+005      3.81
  45      5   4.5  1.874949e+005      3.72
  45     10   4.5  1.847952e+005      3.65
  45     15   4.5  1.827985e+005      3.60
  45    100   4.5  1.810009e+005      3.54
  45      0   5.0  1.915324e+005      3.83
  45      5   5.0  1.883400e+005      3.75
  45     10   5.0  1.856475e+005      3.68
  45     15   5.0  1.836690e+005      3.62
  45    100   5.0  1.819313e+005      3.57
  50      0   0.0  2.008390e+005      4.04
  50      5   0.0  1.975753e+005      3.95
  50     10   0.0  1.949925e+005      3.88
  50     15   0.0  1.929043e+005      3.83
  50    100   0.0  1.894895e+005      3.72
  50      0   0.5  2.020684e+005      4.08
  50      5   0.5  1.987894e+005      3.99
  50     10   0.5  1.962066e+005      3.92
  50     15   0.5  1.941288e+005      3.86
  50    100   0.5  1.908091e+005      3.76
  50      0   1.0  2.032555e+005      4.12
  50      5   1.0  1.999619e+005      4.03
  50     10   1.0  1.973795e+005      3.96
  50     15   1.0  1.953125e+005      3.90
  50    100   1.0  1.920845e+005      3.80
  50      0   1.5  2.044026e+005      4.16
  50      5   1.5  2.010950e+005      4.06
  50     10   1.5  1.985133e+005      3.99
  50     15   1.5  1.964575e+005      3.93
  50    100   1.5  1.933181e+005      3.84
  50      0   2.0  2.055119e+005      4.19
  50      5   2.0  2.021908e+005      4.10
  50     10   2.0  1.996104e+005      4.03
  50     15   2.0  1.975659e+005      3.97
  50    100   2.0  1.945121e+005      3.88
  50      0   2.5  2.065854e+005      4.22
  50      5   2.5  2.032512e+005      4.13
  50     10   2.5  2.006724e+005      4.06
  50     15   2.5  1.986396e+005      4.00
  50    100   2.5  1.956687e+005      3.91
  50      0   3.0  2.076249e+005      4.26
  50      5   3.0  2.042782e+005      4.16
  50     10   3.0  2.017014e+005      4.09
  50     15   3.0  1.996804e+005      4.03
  50    100   3.0  1.967896e+005      3.95
  50      0   3.5  2.086320e+005      4.29
  50      5   3.5  2.052732e+005      4.20
  50     10   3.5  2.026988e+005      4.12
  50     15   3.5  2.006899e+005      4.07
  50    100   3.5  1.978767e+005      3.98
  50      0   4.0  2.096085e+005      4.32
  50      5   4.0  2.062380e+005      4.23
  50     10   4.0  2.036662e+005      4.15
  50     15   4.0  2.016695e+005      4.10
  50    100   4.0  1.989317e+005      4.01
  50      0   4.5  2.105558e+005      4.35
  50      5   4.5  2.071740e+005      4.26
  50     10   4.5  2.046051e+005      4.18
  50     15   4.5  2.026208e+005      4.13
  50    100   4.5  1.999560e+005      4.04
  50      0   5.0  2.114753e+005      4.38
  50      5   5.0  2.080826e+005      4.29
  50     10   5.0  2.055168e+005      4.21
  50     15   5.0  2.035450e+005      4.15
  50    100   5.0  2.009511e+005      4.07
  55      0   0.0  2.199793e+005      4.59
  55      5   0.0  2.166451e+005      4.49
  55     10   0.0  2.137079e+005      4.40
  55     15   0.0  2.113280e+005      4.33
  55    100   0.0  2.070468e+005      4.19
  55      0   0.5  2.213118e+005      4.63
  55      5   0.5  2.179677e+005      4.53
  55     10   0.5  2.150282e+005      4.44
  55     15   0.5  2.126556e+005      4.37
  55    100   0.5  2.084790e+005      4.24
  55      0   1.0  2.225985e+005      4.68
  55      5   1.0  2.192450e+005      4.58
  55     10   1.0  2.163038e+005      4.49
  55     15   1.0  2.139387e+005      4.42
  55    100   1.0  2.098636e+005      4.28
  55      0   1.5  2.238418e+005      4.72
  55      5   1.5  2.204795e+005      4.62
  55     10   1.5  2.175372e+005      4.53
  55     15   1.5  2.151801e+005      4.46
  55    100   1.5  2.112032e+005      4.33
  55      0   2.0  2.250441e+005      4.76
  55      5   2.0  2.216735e+005      4.66
  55     10   2.0  2.187306e+005      4.57
  55     15   2.0  2.163818e+005      4.50
  55    100   2.0  2.125002e+005      4.37
  55      0   2.5  2.262077e+005      4.80
  55      5   2.5  2.228292e+005      4.70
  55     10   2.5  2.198861e+005      4.61
  55     15   2.5  2.175460e+005      4.54
  55    100   2.5  2.137568e+005      4.41
  55      0   3.0  2.273344e+005      4.84
  55      5   3.0  2.239487e+005      4.74
  55     10   3.0  2.210057e+005      4.65
  55     15   3.0  2.186744e+005      4.57
  55    100   3.0  2.149750e+005      4.45
  55      0   3.5  2.284261e+005      4.88
  55      5   3.5  2.250334e+005      4.77
  55     10   3.5  2.220912e+005      4.68
  55     15   3.5  2.197690e+005      4.61
  55    100   3.5  2.161569e+005      4.49
  55      0   4.0  2.294847e+005      4.92
  55      5   4.0  2.260855e+005      4.81
  55     10   4.0  2.231443e+005      4.72
  55     15   4.0  2.208315e+005      4.65
  55    100   4.0  2.173041e+005      4.53
  55      0   4.5  2.305116e+005      4.95
  55      5   4.5  2.271064e+005      4.85
  55     10   4.5  2.241665e+005      4.75
  55     15   4.5  2.218634e+005      4.68
  55    100   4.5  2.184183e+005      4.57
  55      0   5.0  2.315085e+005      4.99
  55      5   5.0  2.280977e+005      4.88
  55     10   5.0  2.251594e+005      4.79
  55     15   5.0  2.228661e+005      4.71
  55    100   5.0  2.195011e+005      4.60
  60      0   0.0  2.346721e+005      5.06
  60      5   0.0  2.320091e+005      4.97
  60     10   0.0  2.294067e+005      4.89
  60     15   0.0  2.270510e+005      4.81
  60    100   0.0  2.218785e+005      4.63
  60      0   0.5  2.360260e+005      5.12
  60      5   0.5  2.333658e+005      5.02
  60     10   0.5  2.307684e+005      4.94
  60     15   0.5  2.284219e+005      4.86
  60    100   0.5  2.233580e+005      4.69
  60      0   1.0  2.373318e+005      5.16
  60      5   1.0  2.346747e+005      5.07
  60     10   1.0  2.320825e+005      4.98
  60     15   1.0  2.297457e+005      4.90
  60    100   1.0  2.247871e+005      4.74
  60      0   1.5  2.385922e+005      5.21
  60      5   1.5  2.359384e+005      5.12
  60     10   1.5  2.333517e+005      5.03
  60     15   1.5  2.310247e+005      4.95
  60    100   1.5  2.261685e+005      4.78
  60      0   2.0  2.398094e+005      5.26
  60      5   2.0  2.371594e+005      5.16
  60     10   2.0  2.345785e+005      5.07
  60     15   2.0  2.322616e+005      5.00
  60    100   2.0  2.275048e+005      4.83
  60      0   2.5  2.409861e+005      5.30
  60      5   2.5  2.383400e+005      5.21
  60     10   2.5  2.357650e+005      5.12
  60     15   2.5  2.334585e+005      5.04
  60    100   2.5  2.287985e+005      4.88
  60      0   3.0  2.421243e+005      5.35
  60      5   3.0  2.394822e+005      5.25
  60     10   3.0  2.369136e+005      5.16
  60     15   3.0  2.346175e+005      5.08
  60    100   3.0  2.300517e+005      4.92
  60      0   3.5  2.432257e+005      5.39
  60      5   3.5  2.405881e+005      5.29
  60     10   3.5  2.380259e+005      5.20
  60     15   3.5  2.357405e+005      5.12
  60    100   3.5  2.312663e+005      4.96
  60      0   4.0  2.442927e+005      5.43
  60      5   4.0  2.416595e+005      5.33
  60     10   4.0  2.391040e+005      5.24
  60     15   4.0  2.368293e+005      5.16
  60    100   4.0  2.324444e+005      5.01
  60      0   4.5  2.453265e+005      5.47
  60      5   4.5  2.426980e+005      5.37
  60     10   4.5  2.401494e+005      5.28
  60     15   4.5  2.378857e+005      5.20
  60    100   4.5  2.335876e+005      5.05
  60      0   5.0  2.463291e+005      5.51
  60      5   5.0  2.437055e+005      5.41
  60     10   5.0  2.411638e+005      5.32
  60     15   5.0  2.389111e+005      5.24
  60    100   5.0  2.346977e+005      5.09
  65      0   0.0  2.468882e+005      5.53
  65      5   0.0  2.442617e+005      5.42
  65     10   0.0  2.418862e+005      5.33
  65     15   0.0  2.397605e+005      5.25
  65    100   0.0  2.340847e+005      5.04
  65      0   0.5  2.482328e+005      5.58
  65      5   0.5  2.456123e+005      5.48
  65     10   0.5  2.432452e+005      5.38
  65     15   0.5  2.411313e+005      5.30
  65    100   0.5  2.355700e+005      5.10
  65      0   1.0  2.495280e+005      5.63
  65      5   1.0  2.469136e+005      5.53
  65     10   1.0  2.445551e+005      5.44
  65     15   1.0  2.424531e+005      5.36
  65    100   1.0  2.370028e+005      5.15
  65      0   1.5  2.507766e+005      5.69
  65      5   1.5  2.481687e+005      5.58
  65     10   1.5  2.458188e+005      5.49
  65     15   1.5  2.437287e+005      5.41
  65    100   1.5  2.383863e+005      5.21
  65      0   2.0  2.519812e+005      5.74
  65      5   2.0  2.493798e+005      5.63
  65     10   2.0  2.470386e+005      5.53
  65     15   2.0  2.449606e+005      5.45
  65    100   2.0  2.397230e+005      5.26
  65      0   2.5  2.531441e+005      5.79
  65      5   2.5  2.505494e+005      5.68
  65     10   2.5  2.482171e+005      5.58
  65     15   2.5  2.461512e+005      5.50
  65    100   2.5  2.410154e+005      5.31
  65      0   3.0  2.542677e+005      5.83
  65      5   3.0  2.516798e+005      5.72
  65     10   3.0  2.493565e+005      5.63
  65     15   3.0  2.473027e+005      5.55
  65    100   3.0  2.422658e+005      5.35
  65      0   3.5  2.553540e+005      5.88
  65      5   3.5  2.527730e+005      5.77
  65     10   3.5  2.504587e+005      5.67
  65     15   3.5  2.484170e+005      5.59
  65    100   3.5  2.434766e+005      5.40
  65      0   4.0  2.564049e+005      5.92
  65      5   4.0  2.538310e+005      5.81
  65     10   4.0  2.515258e+005      5.72
  65     15   4.0  2.494962e+005      5.64
  65    100   4.0  2.446496e+005      5.45
  65      0   4.5  2.574222e+005      5.97
  65      5   4.5  2.548554e+005      5.85
  65     10   4.5  2.525592e+005      5.76
  65     15   4.5  2.505418e+005      5.68
  65    100   4.5  2.457865e+005      5.49
  65      0   5.0  2.584075e+005      6.01
  65      5   5.0  2.558479e+005      5.90
  65     10   5.0  2.535610e+005      5.80
  65     15   5.0  2.515556e+005      5.72
  65    100   5.0  2.468892e+005      5.54
  70      0   0.0  2.573693e+005      6.00
  70      5   0.0  2.549950e+005      5.88
  70     10   0.0  2.527405e+005      5.78
  70     15   0.0  2.506986e+005      5.69
  70    100   0.0  2.446747e+005      5.45
  70      0   0.5  2.586724e+005      6.06
  70      5   0.5  2.563123e+005      5.94
  70     10   0.5  2.540716e+005      5.84
  70     15   0.5  2.520443e+005      5.75
  70    100   0.5  2.461423e+005      5.51
  70      0   1.0  2.599254e+005      6.12
  70      5   1.0  2.575795e+005      6.00
  70     10   1.0  2.553527e+005      5.90
  70     15   1.0  2.533399e+005      5.81
  70    100   1.0  2.475563e+005      5.57
  70      0   1.5  2.611312e+005      6.17
  70      5   1.5  2.587998e+005      6.05
  70     10   1.5  2.565867e+005      5.95
  70     15   1.5  2.545884e+005      5.86
  70    100   1.5  2.489197e+005      5.62
  70      0   2.0  2.622926e+005      6.23
  70      5   2.0  2.599755e+005      6.11
  70     10   2.0  2.577763e+005      6.00
  70     15   2.0  2.557924e+005      5.91
  70    100   2.0  2.502353e+005      5.68
  70      0   2.5  2.634121e+005      6.28
  70      5   2.5  2.611093e+005      6.16
  70     10   2.5  2.589238e+005      6.05
  70     15   2.5  2.569544e+005      5.96
  70    100   2.5  2.515055e+005      5.73
  70      0   3.0  2.644918e+005      6.33
  70      5   3.0  2.622035e+005      6.21
  70     10   3.0  2.600316e+005      6.10
  70     15   3.0  2.580766e+005      6.01
  70    100   3.0  2.527330e+005      5.79
  70      0   3.5  2.655339e+005      6.38
  70      5   3.5  2.632599e+005      6.26
  70     10   3.5  2.611019e+005      6.15
  70     15   3.5  2.591611e+005      6.06
  70    100   3.5  2.539199e+005      5.84
  70      0   4.0  2.665406e+005      6.43
  70      5   4.0  2.642808e+005      6.31
  70     10   4.0  2.621364e+005      6.20
  70     15   4.0  2.602098e+005      6.11
  70    100   4.0  2.550681e+005      5.89
  70      0   4.5  2.675134e+005      6.47
  70      5   4.5  2.652679e+005      6.35
  70     10   4.5  2.631371e+005      6.24
  70     15   4.5  2.612247e+005      6.15
  70    100   4.5  2.561797e+005      5.93
  70      0   5.0  2.684542e+005      6.52
  70      5   5.0  2.662228e+005      6.40
  70     10   5.0  2.641058e+005      6.29
  70     15   5.0  2.622073e+005      6.20
  70    100   5.0  2.572567e+005      5.98
  75      0   0.0  2.658008e+005      6.47
  75      5   0.0  2.638098e+005      6.35
  75     10   0.0  2.618122e+005      6.24
  75     15   0.0  2.599278e+005      6.14
  75    100   0.0  2.537144e+005      5.86
  75      0   0.5  2.670318e+005      6.53
  75      5   0.5  2.650624e+005      6.41
  75     10   0.5  2.630849e+005      6.30
  75     15   0.5  2.612196e+005      6.20
  75    100   0.5  2.551359e+005      5.92
  75      0   1.0  2.682130e+005      6.59
  75      5   1.0  2.662651e+005      6.47
  75     10   1.0  2.643075e+005      6.36
  75     15   1.0  2.624613e+005      6.26
  75    100   1.0  2.565032e+005      5.98
  75      0   1.5  2.693473e+005      6.65
  75      5   1.5  2.674208e+005      6.53
  75     10   1.5  2.654830e+005      6.42
  75     15   1.5  2.636555e+005      6.32
  75    100   1.5  2.578192e+005      6.04
  75      0   2.0  2.704375e+005      6.70
  75      5   2.0  2.685321e+005      6.58
  75     10   2.0  2.666140e+005      6.47
  75     15   2.0  2.648050e+005      6.37
  75    100   2.0  2.590869e+005      6.10
  75      0   2.5  2.714863e+005      6.76
  75      5   2.5  2.696018e+005      6.64
  75     10   2.5  2.677030e+005      6.53
  75     15   2.5  2.659124e+005      6.43
  75    100   2.5  2.603089e+005      6.16
  75      0   3.0  2.724957e+005      6.81
  75      5   3.0  2.706320e+005      6.69
  75     10   3.0  2.687524e+005      6.58
  75     15   3.0  2.669800e+005      6.48
  75    100   3.0  2.614877e+005      6.21
  75      0   3.5  2.734681e+005      6.87
  75      5   3.5  2.716249e+005      6.74
  75     10   3.5  2.697642e+005      6.63
  75     15   3.5  2.680098e+005      6.53
  75    100   3.5  2.626256e+005      6.27
  75      0   4.0  2.744053e+005      6.92
  75      5   4.0  2.725824e+005      6.79
  75     10   4.0  2.707405e+005      6.68
  75     15   4.0  2.690040e+005      6.58
  75    100   4.0  2.637247e+005      6.32
  75      0   4.5  2.753095e+005      6.97
  75      5   4.5  2.735064e+005      6.84
  75     10   4.5  2.716832e+005      6.73
  75     15   4.5  2.699643e+005      6.63
  75    100   4.5  2.647871e+005      6.37
  75      0   5.0  2.761820e+005      7.01
  75      5   5.0  2.743988e+005      6.89
  75     10   5.0  2.725940e+005      6.78
  75     15   5.0  2.708925e+005      6.68
  75    100   5.0  2.658143e+005      6.42
  80      0   0.0  2.720061e+005      6.90
  80      5   0.0  2.704452e+005      6.78
  80     10   0.0  2.688168e+005      6.67
  80     15   0.0  2.671890e+005      6.57
  80    100   0.0  2.610420e+005      6.25
  80      0   0.5  2.731463e+005      6.96
  80      5   0.5  2.716121e+005      6.85
  80     10   0.5  2.700084e+005      6.74
  80     15   0.5  2.684037e+005      6.63
  80    100   0.5  2.623943e+005      6.32
  80      0   1.0  2.742378e+005      7.03
  80      5   1.0  2.727298e+005      6.91
  80     10   1.0  2.711506e+005      6.80
  80     15   1.0  2.695686e+005      6.70
  80    100   1.0  2.636924e+005      6.38
  80      0   1.5  2.752838e+005      7.09
  80      5   1.5  2.738016e+005      6.97
  80     10   1.5  2.722464e+005      6.86
  80     15   1.5  2.706867e+005      6.76
  80    100   1.5  2.649393e+005      6.45
  80      0   2.0  2.762869e+005      7.14
  80      5   2.0  2.748301e+005      7.03
  80     10   2.0  2.732984e+005      6.92
  80     15   2.0  2.717608e+005      6.81
  80    100   2.0  2.661383e+005      6.51
  80      0   2.5  2.772497e+005      7.20
  80      5   2.5  2.758178e+005      7.08
  80     10   2.5  2.743093e+005      6.97
  80     15   2.5  2.727934e+005      6.87
  80    100   2.5  2.672918e+005      6.57
  80      0   3.0  2.781743e+005      7.26
  80      5   3.0  2.767669e+005      7.14
  80     10   3.0  2.752814e+005      7.03
  80     15   3.0  2.737868e+005      6.92
  80    100   3.0  2.684023e+005      6.62
  80      0   3.5  2.790630e+005      7.31
  80      5   3.5  2.776799e+005      7.19
  80     10   3.5  2.762168e+005      7.08
  80     15   3.5  2.747431e+005      6.98
  80    100   3.5  2.694724e+005      6.68
  80      0   4.0  2.799178e+005      7.36
  80      5   4.0  2.785584e+005      7.24
  80     10   4.0  2.771176e+005      7.13
  80     15   4.0  2.756644e+005      7.03
  80    100   4.0  2.705039e+005      6.73
  80      0   4.5  2.807405e+005      7.41
  80      5   4.5  2.794046e+005      7.29
  80     10   4.5  2.779854e+005      7.18
  80     15   4.5  2.765525e+005      7.08
  80    100   4.5  2.714989e+005      6.79
  80      0   5.0  2.815327e+005      7.46
  80      5   5.0  2.802197e+005      7.34
  80     10   5.0  2.788220e+005      7.23
  80     15   5.0  2.774091e+005      7.13
  80    100   5.0  2.724595e+005      6.84
  85      0   0.0  2.763687e+005      7.31
  85      5   0.0  2.752104e+005      7.19
  85     10   0.0  2.739462e+005      7.08
  85     15   0.0  2.726251e+005      6.98
  85    100   0.0  2.667248e+005      6.62
  85      0   0.5  2.774082e+005      7.37
  85      5   0.5  2.762802e+005      7.25
  85     10   0.5  2.750441e+005      7.14
  85     15   0.5  2.737487e+005      7.04
  85    100   0.5  2.679929e+005      6.69
  85      0   1.0  2.784008e+005      7.44
  85      5   1.0  2.773027e+005      7.32
  85     10   1.0  2.760939e+005      7.21
  85     15   1.0  2.748238e+005      7.11
  85    100   1.0  2.692076e+005      6.76
  85      0   1.5  2.793496e+005      7.50
  85      5   1.5  2.782807e+005      7.38
  85     10   1.5  2.770989e+005      7.27
  85     15   1.5  2.758535e+005      7.17
  85    100   1.5  2.703720e+005      6.82
  85      0   2.0  2.802573e+005      7.56
  85      5   2.0  2.792172e+005      7.44
  85     10   2.0  2.780616e+005      7.33
  85     15   2.0  2.768405e+005      7.23
  85    100   2.0  2.714893e+005      6.89
  85      0   2.5  2.811265e+005      7.62
  85      5   2.5  2.801142e+005      7.50
  85     10   2.5  2.789844e+005      7.39
  85     15   2.5  2.777872e+005      7.28
  85    100   2.5  2.725620e+005      6.95
  85      0   3.0  2.819592e+005      7.67
  85      5   3.0  2.809745e+005      7.55
  85     10   3.0  2.798698e+005      7.44
  85     15   3.0  2.786959e+005      7.34
  85    100   3.0  2.735927e+005      7.01
  85      0   3.5  2.827575e+005      7.73
  85      5   3.5  2.817997e+005      7.61
  85     10   3.5  2.807200e+005      7.50
  85     15   3.5  2.795687e+005      7.39
  85    100   3.5  2.745836e+005      7.07
  85      0   4.0  2.835236e+005      7.78
  85      5   4.0  2.825922e+005      7.66
  85     10   4.0  2.815368e+005      7.55
  85     15   4.0  2.804078e+005      7.45
  85    100   4.0  2.755371e+005      7.12
  85      0   4.5  2.842590e+005      7.83
  85      5   4.5  2.833537e+005      7.71
  85     10   4.5  2.823220e+005      7.60
  85     15   4.5  2.812150e+005      7.50
  85    100   4.5  2.764550e+005      7.18
  85      0   5.0  2.849656e+005      7.88
  85      5   5.0  2.840856e+005      7.76
  85     10   5.0  2.830773e+005      7.65
  85     15   5.0  2.819918e+005      7.55
  85    100   5.0  2.773392e+005      7.23
  90      0   0.0  2.791573e+005      7.68
  90      5   0.0  2.783863e+005      7.56
  90     10   0.0  2.774730e+005      7.45
  90     15   0.0  2.764576e+005      7.35
  90    100   0.0  2.709912e+005      6.97
  90      0   0.5  2.800956e+005      7.75
  90      5   0.5  2.793567e+005      7.63
  90     10   0.5  2.784730e+005      7.52
  90     15   0.5  2.774848e+005      7.42
  90    100   0.5  2.721667e+005      7.05
  90      0   1.0  2.809895e+005      7.81
  90      5   1.0  2.802818e+005      7.69
  90     10   1.0  2.794268e+005      7.59
  90     15   1.0  2.784656e+005      7.48
  90    100   1.0  2.732903e+005      7.11
  90      0   1.5  2.818415e+005      7.87
  90      5   1.5  2.811644e+005      7.76
  90     10   1.5  2.803378e+005      7.65
  90     15   1.5  2.794026e+005      7.55
  90    100   1.5  2.743652e+005      7.18
  90      0   2.0  2.826545e+005      7.93
  90      5   2.0  2.820072e+005      7.82
  90     10   2.0  2.812082e+005      7.71
  90     15   2.0  2.802985e+005      7.61
  90    100   2.0  2.753943e+005      7.24
  90      0   2.5  2.834309e+005      7.99
  90      5   2.5  2.828129e+005      7.88
  90     10   2.5  2.820407e+005      7.77
  90     15   2.5  2.811558e+005      7.66
  90    100   2.5  2.763802e+005      7.31
  90      0   3.0  2.841729e+005      8.05
  90      5   3.0  2.835833e+005      7.93
  90     10   3.0  2.828375e+005      7.82
  90     15   3.0  2.819769e+005      7.72
  90    100   3.0  2.773253e+005      7.37
  90      0   3.5  2.848825e+005      8.10
  90      5   3.5  2.843207e+005      7.99
  90     10   3.5  2.836007e+005      7.88
  90     15   3.5  2.827636e+005      7.78
  90    100   3.5  2.782323e+005      7.43
  90      0   4.0  2.855614e+005      8.16
  90      5   4.0  2.850270e+005      8.04
  90     10   4.0  2.843320e+005      7.93
  90     15   4.0  2.835183e+005      7.83
  90    100   4.0  2.791030e+005      7.48
  90      0   4.5  2.862116e+005      8.21
  90      5   4.5  2.857040e+005      8.09
  90     10   4.5  2.850337e+005      7.98
  90     15   4.5  2.842424e+005      7.88
  90    100   4.5  2.799394e+005      7.54
  90      0   5.0  2.868346e+005      8.26
  90      5   5.0  2.863530e+005      8.14
  90     10   5.0  2.857068e+005      8.03
  90     15   5.0  2.849378e+005      7.93
  90    100   5.0  2.807434e+005      7.59
  95      0   0.0  2.806583e+005      8.03
  95      5   0.0  2.802375e+005      7.92
  95     10   0.0  2.796562e+005      7.81
  95     15   0.0  2.789369e+005      7.71
  95    100   0.0  2.740363e+005      7.31
  95      0   0.5  2.814960e+005      8.10
  95      5   0.5  2.811082e+005      7.98
  95     10   0.5  2.805577e+005      7.87
  95     15   0.5  2.798664e+005      7.77
  95    100   0.5  2.751164e+005      7.38
  95      0   1.0  2.822917e+005      8.16
  95      5   1.0  2.819358e+005      8.05
  95     10   1.0  2.814153e+005      7.94
  95     15   1.0  2.807516e+005      7.84
  95    100   1.0  2.761461e+005      7.45
  95      0   1.5  2.830480e+005      8.22
  95      5   1.5  2.827235e+005      8.11
  95     10   1.5  2.822320e+005      8.00
  95     15   1.5  2.815951e+005      7.90
  95    100   1.5  2.771290e+005      7.51
  95      0   2.0  2.837676e+005      8.28
  95      5   2.0  2.834734e+005      8.17
  95     10   2.0  2.830103e+005      8.06
  95     15   2.0  2.823996e+005      7.96
  95    100   2.0  2.780678e+005      7.58
  95      0   2.5  2.844526e+005      8.34
  95      5   2.5  2.841882e+005      8.23
  95     10   2.5  2.837529e+005      8.12
  95     15   2.5  2.831676e+005      8.02
  95    100   2.5  2.789650e+005      7.64
  95      0   3.0  2.851052e+005      8.40
  95      5   3.0  2.848698e+005      8.29
  95     10   3.0  2.844618e+005      8.18
  95     15   3.0  2.839010e+005      8.08
  95    100   3.0  2.798235e+005      7.70
  95      0   3.5  2.857275e+005      8.46
  95      5   3.5  2.855204e+005      8.34
  95     10   3.5  2.851386e+005      8.23
  95     15   3.5  2.846022e+005      8.13
  95    100   3.5  2.806451e+005      7.76
  95      0   4.0  2.863211e+005      8.51
  95      5   4.0  2.861417e+005      8.39
  95     10   4.0  2.857857e+005      8.29
  95     15   4.0  2.852728e+005      8.19
  95    100   4.0  2.814319e+005      7.82
  95      0   4.5  2.868876e+005      8.56
  95      5   4.5  2.867354e+005      8.45
  95     10   4.5  2.864045e+005      8.34
  95     15   4.5  2.859146e+005      8.24
  95    100   4.5  2.821861e+005      7.87
  95      0   5.0  2.874289e+005      8.61
  95      5   5.0  2.873030e+005      8.50
  95     10   5.0  2.869968e+005      8.39
  95     15   5.0  2.865291e+005      8.29
  95    100   5.0  2.829093e+005      7.93
 100      0   0.0  2.811549e+005      8.35
 100      5   0.0  2.810467e+005      8.24
 100     10   0.0  2.807595e+005      8.13
 100     15   0.0  2.803169e+005      8.03
 100    100   0.0  2.760595e+005      7.61
 100      0   0.5  2.818971e+005      8.42
 100      5   0.5  2.818219e+005      8.31
 100     10   0.5  2.815657e+005      8.20
 100     15   0.5  2.811516e+005      8.10
 100    100   0.5  2.770453e+005      7.69
 100      0   1.0  2.825998e+005      8.49
 100      5   1.0  2.825568e+005      8.37
 100     10   1.0  2.823306e+005      8.27
 100     15   1.0  2.819442e+005      8.17
 100    100   1.0  2.779832e+005      7.76
 100      0   1.5  2.832655e+005      8.55
 100      5   1.5  2.832537e+005      8.44
 100     10   1.5  2.830568e+005      8.33
 100     15   1.5  2.826976e+005      8.23
 100    100   1.5  2.788760e+005      7.82
 100      0   2.0  2.838966e+005      8.61
 100      5   2.0  2.839154e+005      8.50
 100     10   2.0  2.837468e+005      8.39
 100     15   2.0  2.834138e+005      8.29
 100    100   2.0  2.797268e+005      7.89
 100      0   2.5  2.844955e+005      8.67
 100      5   2.5  2.845441e+005      8.56
 100     10   2.5  2.844031e+005      8.45
 100     15   2.5  2.840956e+005      8.35
 100    100   2.5  2.805378e+005      7.95
 100      0   3.0  2.850642e+005      8.72
 100      5   3.0  2.851416e+005      8.61
 100     10   3.0  2.850275e+005      8.51
 100     15   3.0  2.847449e+005      8.41
 100    100   3.0  2.813115e+005      8.01
 100      0   3.5  2.856043e+005      8.78
 100      5   3.5  2.857102e+005      8.67
 100     10   3.5  2.856222e+005      8.56
 100     15   3.5  2.853636e+005      8.46
 100    100   3.5  2.820505e+005      8.07
 100      0   4.0  2.861178e+005      8.83
 100      5   4.0  2.862513e+005      8.72
 100     10   4.0  2.861888e+005      8.61
 100     15   4.0  2.859538e+005      8.52
 100    100   4.0  2.827565e+005      8.13
 100      0   4.5  2.866061e+005      8.88
 100      5   4.5  2.867664e+005      8.77
 100     10   4.5  2.867288e+005      8.67
 100     15   4.5  2.865169e+005      8.57
 100    100   4.5  2.834310e+005      8.19
 100      0   5.0  2.870706e+005      8.93
 100      5   5.0  2.872574e+005      8.82
 100     10   5.0  2.872443e+005      8.72
 100     15   5.0  2.870545e+005      8.62
 100    100   5.0  2.840764e+005      8.24
 105      0   0.0  2.807754e+005      8.67
 105      5   0.0  2.809549e+005      8.55
 105     10   0.0  2.809488e+005      8.45
 105     15   0.0  2.807631e+005      8.35
 105    100   0.0  2.772119e+005      7.91
 105      0   0.5  2.814250e+005      8.73
 105      5   0.5  2.816377e+005      8.62
 105     10   0.5  2.816629e+005      8.51
 105     15   0.5  2.815056e+005      8.41
 105    100   0.5  2.781052e+005      7.98
 105      0   1.0  2.820374e+005      8.80
 105      5   1.0  2.822827e+005      8.68
 105     10   1.0  2.823380e+005      8.58
 105     15   1.0  2.822086e+005      8.48
 105    100   1.0  2.789526e+005      8.05
 105      0   1.5  2.826156e+005      8.86
 105      5   1.5  2.828921e+005      8.75
 105     10   1.5  2.829768e+005      8.64
 105     15   1.5  2.828742e+005      8.54
 105    100   1.5  2.797573e+005      8.12
 105      0   2.0  2.831613e+005      8.92
 105      5   2.0  2.834685e+005      8.81
 105     10   2.0  2.835816e+005      8.70
 105     15   2.0  2.835052e+005      8.60
 105    100   2.0  2.805217e+005      8.19
 105      0   2.5  2.836773e+005      8.98
 105      5   2.5  2.840141e+005      8.87
 105     10   2.5  2.841548e+005      8.76
 105     15   2.5  2.841039e+005      8.66
 105    100   2.5  2.812486e+005      8.25
 105      0   3.0  2.841648e+005      9.04
 105      5   3.0  2.845305e+005      8.92
 105     10   3.0  2.846983e+005      8.82
 105     15   3.0  2.846719e+005      8.72
 105    100   3.0  2.819401e+005      8.31
 105      0   3.5  2.846260e+005      9.09
 105      5   3.5  2.850200e+005      8.98
 105     10   3.5  2.852141e+005      8.87
 105     15   3.5  2.852114e+005      8.77
 105    100   3.5  2.825984e+005      8.37
 105      0   4.0  2.850624e+005      9.14
 105      5   4.0  2.854839e+005      9.03
 105     10   4.0  2.857033e+005      8.93
 105     15   4.0  2.857244e+005      8.83
 105    100   4.0  2.832255e+005      8.43
 105      0   4.5  2.854754e+005      9.20
 105      5   4.5  2.859237e+005      9.08
 105     10   4.5  2.861683e+005      8.98
 105     15   4.5  2.862117e+005      8.88
 105    100   4.5  2.838232e+005      8.48
 105      0   5.0  2.858666e+005      9.25
 105      5   5.0  2.863410e+005      9.13
 105     10   5.0  2.866097e+005      9.03
 105     15   5.0  2.866754e+005      8.93
 105    100   5.0  2.843931e+005      8.54
 110      0   0.0  2.797350e+005      8.96
 110      5   0.0  2.801723e+005      8.85
 110     10   0.0  2.804125e+005      8.74
 110     15   0.0  2.804649e+005      8.64
 110    100   0.0  2.776553e+005      8.19
 110      0   0.5  2.802972e+005      9.03
 110      5   0.5  2.807678e+005      8.92
 110     10   0.5  2.810387e+005      8.81
 110     15   0.5  2.811197e+005      8.71
 110    100   0.5  2.784594e+005      8.26
 110      0   1.0  2.808251e+005      9.10
 110      5   1.0  2.813276e+005      8.98
 110     10   1.0  2.816286e+005      8.87
 110     15   1.0  2.817371e+005      8.77
 110    100   1.0  2.792199e+005      8.33
 110      0   1.5  2.813208e+005      9.16
 110      5   1.5  2.818545e+005      9.04
 110     10   1.5  2.821845e+005      8.94
 110     15   1.5  2.823197e+005      8.84
 110    100   1.5  2.799398e+005      8.40
 110      0   2.0  2.817867e+005      9.22
 110      5   2.0  2.823505e+005      9.10
 110     10   2.0  2.827087e+005      9.00
 110     15   2.0  2.828698e+005      8.90
 110    100   2.0  2.806218e+005      8.47
 110      0   2.5  2.822245e+005      9.28
 110      5   2.5  2.828178e+005      9.16
 110     10   2.5  2.832034e+005      9.06
 110     15   2.5  2.833897e+005      8.96
 110    100   2.5  2.812678e+005      8.53
 110      0   3.0  2.826362e+005      9.33
 110      5   3.0  2.832581e+005      9.22
 110     10   3.0  2.836701e+005      9.11
 110     15   3.0  2.838808e+005      9.01
 110    100   3.0  2.818808e+005      8.59
 110      0   3.5  2.830235e+005      9.39
 110      5   3.5  2.836732e+005      9.27
 110     10   3.5  2.841111e+005      9.17
 110     15   3.5  2.843454e+005      9.07
 110    100   3.5  2.824622e+005      8.65
 110      0   4.0  2.833876e+005      9.44
 110      5   4.0  2.840645e+005      9.33
 110     10   4.0  2.845277e+005      9.22
 110     15   4.0  2.847851e+005      9.12
 110    100   4.0  2.830142e+005      8.71
 110      0   4.5  2.837304e+005      9.49
 110      5   4.5  2.844337e+005      9.38
 110     10   4.5  2.849213e+005      9.27
 110     15   4.5  2.852012e+005      9.17
 110    100   4.5  2.835386e+005      8.77
 110      0   5.0  2.840527e+005      9.54
 110      5   5.0  2.847820e+005      9.43
 110     10   5.0  2.852934e+005      9.32
 110     15   5.0  2.855951e+005      9.23
 110    100   5.0  2.840364e+005      8.82
 115      0   0.0  2.781730e+005      9.25
 115      5   0.0  2.788172e+005      9.14
 115     10   0.0  2.792812e+005      9.03
 115     15   0.0  2.795516e+005      8.93
 115    100   0.0  2.775022e+005      8.46
 115      0   0.5  2.786539e+005      9.32
 115      5   0.5  2.793302e+005      9.20
 115     10   0.5  2.798244e+005      9.09
 115     15   0.5  2.801229e+005      8.99
 115    100   0.5  2.782208e+005      8.53
 115      0   1.0  2.791028e+005      9.38
 115      5   1.0  2.798098e+005      9.27
 115     10   1.0  2.803336e+005      9.16
 115     15   1.0  2.806594e+005      9.06
 115    100   1.0  2.788978e+005      8.60
 115      0   1.5  2.795219e+005      9.44
 115      5   1.5  2.802590e+005      9.33
 115     10   1.5  2.808112e+005      9.22
 115     15   1.5  2.811633e+005      9.12
 115    100   1.5  2.795367e+005      8.67
 115      0   2.0  2.799131e+005      9.51
 115      5   2.0  2.806793e+005      9.39
 115     10   2.0  2.812593e+005      9.28
 115     15   2.0  2.816371e+005      9.18
 115    100   2.0  2.801395e+005      8.74
 115      0   2.5  2.802785e+005      9.56
 115      5   2.5  2.810731e+005      9.45
 115     10   2.5  2.816798e+005      9.34
 115     15   2.5  2.820824e+005      9.24
 115    100   2.5  2.807085e+005      8.80
 115      0   3.0  2.806198e+005      9.62
 115      5   3.0  2.814417e+005      9.51
 115     10   3.0  2.820745e+005      9.40
 115     15   3.0  2.825010e+005      9.30
 115    100   3.0  2.812462e+005      8.86
 115      0   3.5  2.809382e+005      9.67
 115      5   3.5  2.817871e+005      9.56
 115     10   3.5  2.824452e+005      9.45
 115     15   3.5  2.828949e+005      9.35
 115    100   3.5  2.817543e+005      8.92
 115      0   4.0  2.812357e+005      9.73
 115      5   4.0  2.821104e+005      9.61
 115     10   4.0  2.827932e+005      9.51
 115     15   4.0  2.832657e+005      9.41
 115    100   4.0  2.822348e+005      8.98
 115      0   4.5  2.815133e+005      9.78
 115      5   4.5  2.824133e+005      9.67
 115     10   4.5  2.831198e+005      9.56
 115     15   4.5  2.836145e+005      9.46
 115    100   4.5  2.826891e+005      9.04
 115      0   5.0  2.817720e+005      9.83
 115      5   5.0  2.826970e+005      9.72
 115     10   5.0  2.834269e+005      9.61
 115     15   5.0  2.839428e+005      9.51
 115    100   5.0  2.831188e+005      9.09
 120      0   0.0  2.762263e+005      9.53
 120      5   0.0  2.770662e+005      9.41
 120     10   0.0  2.777123e+005      9.30
 120     15   0.0  2.781717e+005      9.20
 120    100   0.0  2.768878e+005      8.72
 120      0   0.5  2.766324e+005      9.59
 120      5   0.5  2.775030e+005      9.48
 120     10   0.5  2.781785e+005      9.37
 120     15   0.5  2.786653e+005      9.27
 120    100   0.5  2.775257e+005      8.79
 120      0   1.0  2.770087e+005      9.66
 120      5   1.0  2.779091e+005      9.54
 120     10   1.0  2.786130e+005      9.43
 120     15   1.0  2.791263e+005      9.33
 120    100   1.0  2.781245e+005      8.86
 120      0   1.5  2.773572e+005      9.72
 120      5   1.5  2.782866e+005      9.60
 120     10   1.5  2.790180e+005      9.50
 120     15   1.5  2.795570e+005      9.39
 120    100   1.5  2.786871e+005      8.93
 120      0   2.0  2.776801e+005      9.78
 120      5   2.0  2.786379e+005      9.66
 120     10   2.0  2.793956e+005      9.56
 120     15   2.0  2.799595e+005      9.45
 120    100   2.0  2.792158e+005      8.99
 120      0   2.5  2.779790e+005      9.84
 120      5   2.5  2.789642e+005      9.72
 120     10   2.5  2.797478e+005      9.61
 120     15   2.5  2.803356e+005      9.51
 120    100   2.5  2.797128e+005      9.06
 120      0   3.0  2.782557e+005      9.89
 120      5   3.0  2.792673e+005      9.78
 120     10   3.0  2.800759e+005      9.67
 120     15   3.0  2.806870e+005      9.57
 120    100   3.0  2.801803e+005      9.12
 120      0   3.5  2.785115e+005      9.95
 120      5   3.5  2.795490e+005      9.83
 120     10   3.5  2.803817e+005      9.73
 120     15   3.5  2.810155e+005      9.62
 120    100   3.5  2.806199e+005      9.18
 120      0   4.0  2.787477e+005     10.00
 120      5   4.0  2.798101e+005      9.89
 120     10   4.0  2.806666e+005      9.78
 120     15   4.0  2.813224e+005      9.68
 120    100   4.0  2.810336e+005      9.24
 120      0   4.5  2.789656e+005     10.05
 120      5   4.5  2.800525e+005      9.94
 120     10   4.5  2.809319e+005      9.83
 120     15   4.5  2.816091e+005      9.73
 120    100   4.5  2.814228e+005      9.29
 120      0   5.0  2.791666e+005     10.10
 120      5   5.0  2.802771e+005      9.99
 120     10   5.0  2.811788e+005      9.88
 120     15   5.0  2.818768e+005      9.78
 120    100   5.0  2.817890e+005      9.35
 125      0   0.0  2.739237e+005      9.79
 125      5   0.0  2.749333e+005      9.68
 125     10   0.0  2.757572e+005      9.57
 125     15   0.0  2.763871e+005      9.46
 125    100   0.0  2.758572e+005      8.97
 125      0   0.5  2.742599e+005      9.86
 125      5   0.5  2.752992e+005      9.74
 125     10   0.5  2.761516e+005      9.63
 125     15   0.5  2.768078e+005      9.53
 125    100   0.5  2.764187e+005      9.04
 125      0   1.0  2.745686e+005      9.92
 125      5   1.0  2.756368e+005      9.81
 125     10   1.0  2.765164e+005      9.70
 125     15   1.0  2.771983e+005      9.59
 125    100   1.0  2.769436e+005      9.11
 125      0   1.5  2.748517e+005      9.99
 125      5   1.5  2.759479e+005      9.87
 125     10   1.5  2.768539e+005      9.76
 125     15   1.5  2.775607e+005      9.66
 125    100   1.5  2.774340e+005      9.18
 125      0   2.0  2.751111e+005     10.05
 125      5   2.0  2.762341e+005      9.93
 125     10   2.0  2.771660e+005      9.82
 125     15   2.0  2.778967e+005      9.72
 125    100   2.0  2.778929e+005      9.24
 125      0   2.5  2.753487e+005     10.10
 125      5   2.5  2.764976e+005      9.99
 125     10   2.5  2.774543e+005      9.88
 125     15   2.5  2.782083e+005      9.78
 125    100   2.5  2.783219e+005      9.31
 125      0   3.0  2.755653e+005     10.16
 125      5   3.0  2.767397e+005     10.04
 125     10   3.0  2.777206e+005      9.93
 125     15   3.0  2.784971e+005      9.83
 125    100   3.0  2.787230e+005      9.37
 125      0   3.5  2.757630e+005     10.21
 125      5   3.5  2.769619e+005     10.10
 125     10   3.5  2.779662e+005      9.99
 125     15   3.5  2.787644e+005      9.89
 125    100   3.5  2.790983e+005      9.43
 125      0   4.0  2.759426e+005     10.27
 125      5   4.0  2.771656e+005     10.15
 125     10   4.0  2.781925e+005     10.04
 125     15   4.0  2.790119e+005      9.94
 125    100   4.0  2.794494e+005      9.49
 125      0   4.5  2.761056e+005     10.32
 125      5   4.5  2.773519e+005     10.20
 125     10   4.5  2.784009e+005     10.09
 125     15   4.5  2.792408e+005      9.99
 125    100   4.5  2.797772e+005      9.54
 125      0   5.0  2.762528e+005     10.37
 125      5   5.0  2.775217e+005     10.25
 125     10   5.0  2.785921e+005     10.14
 125     15   5.0  2.794521e+005     10.04
 125    100   5.0  2.800839e+005      9.60
 130      0   0.0  2.713780e+005     10.05
 130      5   0.0  2.725967e+005      9.93
 130     10   0.0  2.735573e+005      9.82
 130     15   0.0  2.743320e+005      9.72
 130    100   0.0  2.745118e+005      9.21
 130      0   0.5  2.716505e+005     10.12
 130      5   0.5  2.728983e+005     10.00
 130     10   0.5  2.738859e+005      9.89
 130     15   0.5  2.746862e+005      9.78
 130    100   0.5  2.750022e+005      9.28
 130      0   1.0  2.718973e+005     10.18
 130      5   1.0  2.731735e+005     10.06
 130     10   1.0  2.741872e+005      9.95
 130     15   1.0  2.750121e+005      9.85
 130    100   1.0  2.754583e+005      9.35
 130      0   1.5  2.721205e+005     10.24
 130      5   1.5  2.734244e+005     10.12
 130     10   1.5  2.744631e+005     10.01
 130     15   1.5  2.753117e+005      9.91
 130    100   1.5  2.758821e+005      9.42
 130      0   2.0  2.723221e+005     10.30
 130      5   2.0  2.736524e+005     10.18
 130     10   2.0  2.747155e+005     10.07
 130     15   2.0  2.755870e+005      9.97
 130    100   2.0  2.762762e+005      9.48
 130      0   2.5  2.725031e+005     10.36
 130      5   2.5  2.738593e+005     10.24
 130     10   2.5  2.749460e+005     10.13
 130     15   2.5  2.758396e+005     10.03
 130    100   2.5  2.766424e+005      9.55
 130      0   3.0  2.726653e+005     10.41
 130      5   3.0  2.740465e+005     10.30
 130     10   3.0  2.751559e+005     10.19
 130     15   3.0  2.760712e+005     10.08
 130    100   3.0  2.769823e+005      9.61
 130      0   3.5  2.728097e+005     10.47
 130      5   3.5  2.742152e+005     10.35
 130     10   3.5  2.753470e+005     10.24
 130     15   3.5  2.762829e+005     10.14
 130    100   3.5  2.772982e+005      9.67
 130      0   4.0  2.729378e+005     10.52
 130      5   4.0  2.743670e+005     10.40
 130     10   4.0  2.755201e+005     10.29
 130     15   4.0  2.764764e+005     10.19
 130    100   4.0  2.775912e+005      9.73
 130      0   4.5  2.730508e+005     10.57
 130      5   4.5  2.745028e+005     10.45
 130     10   4.5  2.756767e+005     10.35
 130     15   4.5  2.766526e+005     10.24
 130    100   4.5  2.778632e+005      9.78
 130      0   5.0  2.731492e+005     10.62
 130      5   5.0  2.746236e+005     10.50
 130     10   5.0  2.758178e+005     10.40
 130     15   5.0  2.768125e+005     10.29
 130    100   5.0  2.781146e+005      9.84
 135      0   0.0  2.688143e+005     10.29
 135      5   0.0  2.700086e+005     10.18
 135     10   0.0  2.711076e+005     10.06
 135     15   0.0  2.720183e+005      9.96
 135    100   0.0  2.729113e+005      9.44
 135      0   0.5  2.690308e+005     10.35
 135      5   0.5  2.702504e+005     10.24
 135     10   0.5  2.713754e+005     10.13
 135     15   0.5  2.723105e+005     10.03
 135    100   0.5  2.733360e+005      9.51
 135      0   1.0  2.692235e+005     10.41
 135      5   1.0  2.704682e+005     10.30
 135     10   1.0  2.716178e+005     10.19
 135     15   1.0  2.725764e+005     10.09
 135    100   1.0  2.737283e+005      9.58
 135      0   1.5  2.693945e+005     10.48
 135      5   1.5  2.706629e+005     10.37
 135     10   1.5  2.718366e+005     10.26
 135     15   1.5  2.728183e+005     10.15
 135    100   1.5  2.740903e+005      9.65
 135      0   2.0  2.695454e+005     10.54
 135      5   2.0  2.708370e+005     10.43
 135     10   2.0  2.720339e+005     10.32
 135     15   2.0  2.730373e+005     10.21
 135    100   2.0  2.744245e+005      9.71
 135      0   2.5  2.696772e+005     10.59
 135      5   2.5  2.709913e+005     10.48
 135     10   2.5  2.722108e+005     10.37
 135     15   2.5  2.732352e+005     10.27
 135    100   2.5  2.747325e+005      9.78
 135      0   3.0  2.697919e+005     10.65
 135      5   3.0  2.711278e+005     10.54
 135     10   3.0  2.723691e+005     10.43
 135     15   3.0  2.734138e+005     10.33
 135    100   3.0  2.750161e+005      9.84
 135      0   3.5  2.698903e+005     10.70
 135      5   3.5  2.712471e+005     10.59
 135     10   3.5  2.725096e+005     10.48
 135     15   3.5  2.735743e+005     10.38
 135    100   3.5  2.752769e+005      9.90
 135      0   4.0  2.699737e+005     10.76
 135      5   4.0  2.713508e+005     10.65
 135     10   4.0  2.726335e+005     10.54
 135     15   4.0  2.737176e+005     10.44
 135    100   4.0  2.755165e+005      9.96
 135      0   4.5  2.700428e+005     10.81
 135      5   4.5  2.714399e+005     10.70
 135     10   4.5  2.727425e+005     10.59
 135     15   4.5  2.738451e+005     10.49
 135    100   4.5  2.757363e+005     10.01
 135      0   5.0  2.700990e+005     10.86
 135      5   5.0  2.715151e+005     10.75
 135     10   5.0  2.728372e+005     10.64
 135     15   5.0  2.739578e+005     10.54
 135    100   5.0  2.759374e+005     10.07
 140      0   0.0  2.672332e+005     10.45
 140      5   0.0  2.679973e+005     10.37
 140     10   0.0  2.690246e+005     10.27
 140     15   0.0  2.699934e+005     10.17
 140    100   0.0  2.714455e+005      9.64
 140      0   0.5  2.674132e+005     10.52
 140      5   0.5  2.681947e+005     10.44
 140     10   0.5  2.692442e+005     10.34
 140     15   0.5  2.702359e+005     10.24
 140    100   0.5  2.718150e+005      9.71
 140      0   1.0  2.675711e+005     10.58
 140      5   1.0  2.683693e+005     10.50
 140     10   1.0  2.694401e+005     10.40
 140     15   1.0  2.704538e+005     10.30
 140    100   1.0  2.721541e+005      9.78
 140      0   1.5  2.677086e+005     10.64
 140      5   1.5  2.685229e+005     10.56
 140     10   1.5  2.696142e+005     10.46
 140     15   1.5  2.706488e+005     10.36
 140    100   1.5  2.724648e+005      9.85
 140      0   2.0  2.678270e+005     10.70
 140      5   2.0  2.686569e+005     10.62
 140     10   2.0  2.697681e+005     10.52
 140     15   2.0  2.708230e+005     10.42
 140    100   2.0  2.727491e+005      9.92
 140      0   2.5  2.679280e+005     10.75
 140      5   2.5  2.687728e+005     10.68
 140     10   2.5  2.699029e+005     10.58
 140     15   2.5  2.709775e+005     10.48
 140    100   2.5  2.730088e+005      9.98
 140      0   3.0  2.680125e+005     10.81
 140      5   3.0  2.688716e+005     10.73
 140     10   3.0  2.700205e+005     10.63
 140     15   3.0  2.711140e+005     10.53
 140    100   3.0  2.732457e+005     10.04
 140      0   3.5  2.680817e+005     10.86
 140      5   3.5  2.689549e+005     10.79
 140     10   3.5  2.701217e+005     10.69
 140     15   3.5  2.712334e+005     10.59
 140    100   3.5  2.734613e+005     10.10
 140      0   4.0  2.681370e+005     10.92
 140      5   4.0  2.690233e+005     10.84
 140     10   4.0  2.702078e+005     10.74
 140     15   4.0  2.713372e+005     10.64
 140    100   4.0  2.736572e+005     10.16
 140      0   4.5  2.681791e+005     10.97
 140      5   4.5  2.690785e+005     10.89
 140     10   4.5  2.702797e+005     10.79
 140     15   4.5  2.714264e+005     10.69
 140    100   4.5  2.738343e+005     10.21
 140      0   5.0  2.682091e+005     11.02
 140      5   5.0  2.691208e+005     10.94
 140     10   5.0  2.703382e+005     10.84
 140     15   5.0  2.715015e+005     10.74
 140    100   5.0  2.739940e+005     10.27
