  2.2000000e+001  3.0350750e+001  1.3024105e+000  1.1933766e+000  1.1691389e+000  1.4020989e+000  1.4819610e+000  1.5176483e+000  1.5446935e+000  1.5428043e+000  1.6136914e+000  1.6296542e+000  1.6117058e+000  1.6619415e+000  1.6823639e+000  1.6845353e+000  1.6217120e+000  1.6075768e+000  1.6058461e+000  1.4825985e+000 -2.6316545e-002  8.3687287e+000  1.2328834e-001  7.0731259e+003  1.4464240e+000
  2.3000000e+001  4.7462700e+001  1.3815188e+000  1.2278221e+000  1.2444674e+000  1.2763012e+000  1.4090065e+000  1.5824421e+000  1.5650191e+000  1.5786951e+000  1.5209083e+000  1.5632068e+000  1.6253499e+000  1.6362664e+000  1.5832357e+000  1.6068870e+000  1.6161361e+000  1.6501261e+000  1.6619885e+000  1.6384499e+000 -2.3195113e-002  8.2899092e+000  1.3581618e-001  7.7936091e+003  1.4414068e+000
  2.4000000e+001  3.3394100e+001  1.2625049e+000  1.1636394e+000  1.1463260e+000  1.3534080e+000  1.4537366e+000  1.5422138e+000  1.5169501e+000  1.5181969e+000  1.5692780e+000  1.6375887e+000  1.6113440e+000  1.6502504e+000  1.6652174e+000  1.6541505e+000  1.5899229e+000  1.5274321e+000  1.5829718e+000  1.5354980e+000 -3.1141298e-002  8.3571691e+000  1.2300723e-001  7.2017538e+003  1.4290164e+000
  2.5000000e+001  7.1890800e+001  1.4747943e+000  1.4192453e+000  1.3632998e+000  1.2906171e+000  1.3005005e+000  1.2688193e+000  1.3009429e+000  1.3828158e+000  1.4800401e+000  1.4256317e+000  1.4862454e+000  1.5373926e+000  1.4366785e+000  1.5339849e+000  1.5431111e+000  1.6659743e+000  1.7861698e+000  1.7643587e+000 -2.7686659e-002  7.8714629e+000  1.2504839e-001  6.9216734e+003  1.3925101e+000
  2.6000000e+001  6.5362800e+001  1.3439940e+000  1.2590681e+000  1.1996127e+000  1.1564036e+000  1.1813305e+000  1.1977491e+000  1.2371613e+000  1.3008056e+000  1.4202131e+000  1.4918814e+000  1.5945265e+000  1.5982151e+000  1.5998690e+000  1.6449507e+000  1.7059132e+000  1.7350163e+000  1.7057730e+000  1.7027932e+000 -2.3997862e-002  7.8665193e+000  1.3758061e-001  6.1945480e+003  1.3686514e+000
  2.7000000e+001  6.4099650e+001  1.4076231e+000  1.2893496e+000  1.2237251e+000  1.1918574e+000  1.1893977e+000  1.1850676e+000  1.2153838e+000  1.2395029e+000  1.3540039e+000  1.5132782e+000  1.5443062e+000  1.5558499e+000  1.6529231e+000  1.6550177e+000  1.7087576e+000  1.8413806e+000  1.6775231e+000  1.6406751e+000 -2.0487461e-002  7.8679999e+000  1.3219704e-001  6.3633490e+003  1.3574363e+000
  2.8000000e+001  2.7604750e+001  1.2731757e+000  1.1942406e+000  1.2863925e+000  1.5294861e+000  1.6698012e+000  1.7831526e+000  1.7798567e+000  1.7916782e+000  1.7564472e+000  1.7294575e+000  1.7291135e+000  1.7383107e+000  1.7445678e+000  1.7014298e+000  1.6790370e+000  1.6762622e+000  1.7123477e+000  1.7290735e+000 -3.6308913e-002  8.5084813e+000  8.8447412e-002  4.0304497e+003  1.6025447e+000
  2.9000000e+001  3.0459100e+001  1.3004226e+000  1.2218302e+000  1.2329030e+000  1.4439804e+000  1.6141440e+000  1.6268820e+000  1.6552857e+000  1.6460408e+000  1.6798537e+000  1.6619341e+000  1.7580042e+000  1.7219804e+000  1.6731357e+000  1.6926296e+000  1.7226331e+000  1.6969963e+000  1.6988806e+000  1.7167365e+000 -3.6499638e-002  8.4680431e+000  8.8566505e-002  3.6264234e+003  1.5510614e+000
  3.0000000e+001  3.0042400e+001  1.2427707e+000  1.1789450e+000  1.3107875e+000  1.6081706e+000  1.7098492e+000  1.7847911e+000  1.7489774e+000  1.7326812e+000  1.7168225e+000  1.7423654e+000  1.7389806e+000  1.7388791e+000  1.7498010e+000  1.7274243e+000  1.6584532e+000  1.6857309e+000  1.7211607e+000  1.7209570e+000 -3.9847169e-002  8.4897835e+000  9.3260575e-002  3.8677789e+003  1.5982474e+000
  3.1000000e+001  7.3029350e+001  1.3861955e+000  1.3064850e+000  1.3165482e+000  1.4016833e+000  1.4145483e+000  1.4062991e+000  1.4043759e+000  1.3942239e+000  1.4127413e+000  1.4256966e+000  1.4474730e+000  1.5113603e+000  1.5100652e+000  1.5355697e+000  1.5776553e+000  1.5746221e+000  1.5773133e+000  1.4829159e+000 -2.8612056e-002  8.0063282e+000  1.7970682e-001  6.5981573e+003  1.3656160e+000
  4.9000000e+001  5.1566650e+001  1.2678856e+000  1.3448853e+000  1.3636295e+000  1.5363953e+000  1.7014337e+000  1.7130488e+000  1.7887266e+000  1.7364624e+000  1.7383073e+000  1.7596884e+000  1.7787150e+000  1.7532265e+000  1.7265917e+000  1.6838876e+000  1.5834988e+000  1.5911135e+000  1.5888434e+000  1.6278370e+000 -6.0243888e-002  8.3646850e+000  1.2767696e-001  4.8332157e+003  1.5583936e+000
  1.0600000e+002  6.7088900e+001  1.3918860e+000  1.3666274e+000  1.3743554e+000  1.5399760e+000  1.7237183e+000  1.6689015e+000  1.6458775e+000  1.6470730e+000  1.6014402e+000  1.5764256e+000  1.4838360e+000  1.4789536e+000  1.4112165e+000  1.4397065e+000  1.5364349e+000  1.4987182e+000  1.4451274e+000  1.3416685e+000 -3.5541251e-002  8.2644370e+000  1.5493800e-001  5.5431127e+003  1.4433175e+000
  1.0700000e+002  6.8126050e+001  1.4283893e+000  1.3403074e+000  1.4292597e+000  1.5477270e+000  1.6850695e+000  1.6726472e+000  1.6332077e+000  1.5410707e+000  1.5269141e+000  1.4944327e+000  1.5035891e+000  1.4945266e+000  1.5339731e+000  1.4789482e+000  1.5259236e+000  1.4820100e+000  1.4036865e+000  1.4045460e+000 -3.1454211e-002  8.2553945e+000  1.5121632e-001  5.8996497e+003  1.4490126e+000
  1.0800000e+002  5.4735650e+001  1.2799731e+000  1.2873501e+000  1.4004391e+000  1.4887516e+000  1.6600805e+000  1.6412539e+000  1.6418042e+000  1.5975443e+000  1.5653220e+000  1.5029736e+000  1.4513487e+000  1.4165025e+000  1.4292186e+000  1.4159827e+000  1.3897443e+000  1.3881849e+000  1.4491825e+000  1.4471336e+000 -3.6354552e-002  8.2425233e+000  1.3872023e-001  5.5676781e+003  1.4234810e+000
  1.0900000e+002  8.2247400e+001  1.6509049e+000  1.7914901e+000  1.6618798e+000  1.4525185e+000  1.4081152e+000  1.4677896e+000  1.5404754e+000  1.5381521e+000  1.5086208e+000  1.5266480e+000  1.5497553e+000  1.5517345e+000  1.4681419e+000  1.5197006e+000  1.5486046e+000  1.5996276e+000  1.5928818e+000  1.5636035e+000 -9.6206270e-003  8.3949861e+000  1.4918014e-001  4.7640447e+003  1.5208717e+000
  1.1000000e+002  8.1371750e+001  1.4184606e+000  1.5025670e+000  1.6080005e+000  1.5366846e+000  1.4832379e+000  1.4180775e+000  1.4559295e+000  1.5098603e+000  1.4991477e+000  1.5004584e+000  1.5068078e+000  1.5253754e+000  1.5206931e+000  1.5201529e+000  1.5302652e+000  1.5191408e+000  1.5461422e+000  1.6243132e+000 -1.6732959e-002  8.3517368e+000  1.5074110e-001  6.0792909e+003  1.4908177e+000
  1.1100000e+002  8.1725950e+001  1.3486838e+000  1.5386795e+000  1.5523443e+000  1.5385782e+000  1.5019605e+000  1.5375704e+000  1.5523515e+000  1.4826345e+000  1.5202317e+000  1.5284572e+000  1.5546081e+000  1.5842080e+000  1.5725263e+000  1.5586066e+000  1.5318483e+000  1.5082423e+000  1.5687191e+000  1.5857254e+000 -2.6977653e-002  8.3807012e+000  1.5484604e-001  5.0964384e+003  1.5131503e+000
  1.1200000e+002  4.6251850e+001  1.3406525e+000  1.3099389e+000  1.3897993e+000  1.4467911e+000  1.6758772e+000  1.6915366e+000  1.6861304e+000  1.6744977e+000  1.6770051e+000  1.6909456e+000  1.6382145e+000  1.5762060e+000  1.5191139e+000  1.4974765e+000  1.4758347e+000  1.4230376e+000  1.5208638e+000  1.3665645e+000 -2.7591927e-002  8.3586703e+000  1.3225685e-001  5.5220081e+003  1.4868457e+000
  1.1300000e+002  4.8010800e+001  1.4063318e+000  1.3620166e+000  1.4346327e+000  1.5814461e+000  1.7252360e+000  1.7404436e+000  1.7363751e+000  1.7418804e+000  1.7145563e+000  1.6684956e+000  1.6287021e+000  1.5777490e+000  1.5184641e+000  1.4433778e+000  1.4158988e+000  1.4521561e+000  1.4649456e+000  1.4354871e+000 -1.1872741e-002  8.3998929e+000  1.4283932e-001  4.9291625e+003  1.4926159e+000
  1.1400000e+002  4.5145750e+001  1.2312039e+000  1.2559585e+000  1.2682107e+000  1.6909409e+000  1.8115849e+000  1.7805940e+000  1.7177753e+000  1.7144848e+000  1.6763020e+000  1.6594533e+000  1.6902906e+000  1.6497780e+000  1.6391276e+000  1.5987871e+000  1.6047078e+000  1.5237283e+000  1.4812061e+000  1.4676466e+000 -3.6582122e-002  8.4209024e+000  1.3811380e-001  5.5384223e+003  1.4833644e+000
  1.1500000e+002  4.3373050e+001  1.2256753e+000  1.2484143e+000  1.2724034e+000  1.6539292e+000  1.8079165e+000  1.7148576e+000  1.7047488e+000  1.6899429e+000  1.6757043e+000  1.6701886e+000  1.6485416e+000  1.6696229e+000  1.6631785e+000  1.6209048e+000  1.5630243e+000  1.5613164e+000  1.4421945e+000  1.4093187e+000 -3.7160480e-002  8.4149243e+000  1.3444898e-001  5.7339305e+003  1.4677201e+000
  1.1600000e+002  8.3277850e+001  1.3984035e+000  1.5163915e+000  1.4465466e+000  1.3680161e+000  1.3752244e+000  1.3413044e+000  1.3430025e+000  1.3762857e+000  1.3694668e+000  1.4247794e+000  1.3584518e+000  1.4356305e+000  1.4396032e+000  1.4744186e+000  1.4385015e+000  1.6004574e+000  1.6900921e+000  1.7041601e+000 -1.8934164e-002  8.0628296e+000  1.6397419e-001  7.4363627e+003  1.3787780e+000
  1.1700000e+002  7.4734550e+001  1.3968654e+000  1.3024808e+000  1.2624467e+000  1.3368017e+000  1.5690852e+000  1.5530267e+000  1.4027394e+000  1.3017895e+000  1.2819250e+000  1.3053548e+000  1.2601341e+000  1.3562398e+000  1.2866593e+000  1.4006415e+000  1.3812239e+000  1.3934334e+000  1.4362024e+000  1.5020997e+000 -1.5176650e-002  7.9905538e+000  1.6611429e-001  7.5387950e+003  1.3033255e+000
  2.1500000e+002  7.4912350e+001  1.2220451e+000  1.1884490e+000  1.1765564e+000  1.2878242e+000  1.4565175e+000  1.3720132e+000  1.3038284e+000  1.2674100e+000  1.2629377e+000  1.3148975e+000  1.2793520e+000  1.3873993e+000  1.3610211e+000  1.4172316e+000  1.3537568e+000  1.4392872e+000  1.3786509e+000  1.5535173e+000 -3.7240930e-002  8.0016640e+000  1.8179775e-001  7.6263088e+003  1.2698233e+000
  2.1600000e+002  3.9031500e+001  1.3006235e+000  1.2110775e+000  1.1475757e+000  1.1530825e+000  1.1970074e+000  1.2326681e+000  1.2888024e+000  1.3149247e+000  1.4834768e+000  1.5435013e+000  1.5325294e+000  1.6324906e+000  1.6685737e+000  1.5620631e+000  1.5341369e+000  1.5898965e+000  1.7253903e+000  1.6662801e+000 -3.9164067e-002  7.9438375e+000  1.1863191e-001  5.4263089e+003  1.3674251e+000
  2.1700000e+002  5.5331250e+001  1.2986641e+000  1.2205806e+000  1.1919838e+000  1.1930446e+000  1.2458951e+000  1.2325497e+000  1.2304833e+000  1.3163331e+000  1.4440072e+000  1.5502448e+000  1.5806583e+000  1.6103747e+000  1.5911192e+000  1.5717515e+000  1.5839503e+000  1.6350145e+000  1.6196175e+000  1.6323485e+000 -4.4820937e-002  8.0187253e+000  1.2613086e-001  5.8430861e+003  1.3631842e+000
  2.1800000e+002  5.3342550e+001  1.3993646e+000  1.3213771e+000  1.2597634e+000  1.2347518e+000  1.2265405e+000  1.2864754e+000  1.3176125e+000  1.4207021e+000  1.5572877e+000  1.6073416e+000  1.7085395e+000  1.5913615e+000  1.6201991e+000  1.6709451e+000  1.6385536e+000  1.7122719e+000  1.6817190e+000  1.6586231e+000 -3.5293233e-002  8.0182276e+000  1.1249420e-001  5.0580540e+003  1.4127986e+000
  2.1900000e+002  4.6476750e+001  1.4063899e+000  1.3246398e+000  1.2920251e+000  1.2898994e+000  1.3537265e+000  1.3487323e+000  1.5856662e+000  1.6069011e+000  1.7068218e+000  1.7236899e+000  1.7274838e+000  1.6468861e+000  1.5321554e+000  1.3930855e+000  1.4990650e+000  1.5560242e+000  1.5914300e+000  1.5540257e+000 -3.6953119e-002  8.1296526e+000  1.0091677e-001  5.7253926e+003  1.4572509e+000
  2.2000000e+002  3.9402400e+001  1.3260131e+000  1.3206490e+000  1.2662646e+000  1.3626220e+000  1.4249205e+000  1.4730603e+000  1.6435839e+000  1.8150589e+000  1.7967818e+000  1.7634959e+000  1.7717489e+000  1.7715117e+000  1.6868881e+000  1.5747514e+000  1.4624775e+000  1.4661853e+000  1.5076873e+000  1.5232768e+000 -3.7894832e-002  8.1766089e+000  1.0360439e-001  4.8182624e+003  1.4867727e+000
  2.2100000e+002  4.7207800e+001  1.3549434e+000  1.2950145e+000  1.3092203e+000  1.3605852e+000  1.4145209e+000  1.5007120e+000  1.5894145e+000  1.6584834e+000  1.7371205e+000  1.7935576e+000  1.8010276e+000  1.6660329e+000  1.5731997e+000  1.4385653e+000  1.5399770e+000  1.5972407e+000  1.6012446e+000  1.6010201e+000 -4.2313091e-002  8.1194909e+000  1.0733788e-001  5.3175430e+003  1.4794785e+000
  2.2200000e+002  2.4230200e+001  1.2017227e+000  1.1332309e+000  1.1471158e+000  1.4429737e+000  1.5758915e+000  1.5839324e+000  1.5814280e+000  1.6587763e+000  1.7057210e+000  1.6611270e+000  1.6871712e+000  1.6671688e+000  1.6212885e+000  1.5718781e+000  1.5426933e+000  1.5197268e+000  1.5058421e+000  1.5415466e+000 -4.0602423e-002  8.5963519e+000  9.5553380e-002  6.4481098e+003  1.4478369e+000
  2.2300000e+002  2.5603600e+001  1.2478050e+000  1.1294365e+000  1.2415510e+000  1.5862971e+000  1.6793205e+000  1.7790422e+000  1.6658472e+000  1.6325879e+000  1.6826043e+000  1.6916885e+000  1.6807818e+000  1.6251191e+000  1.6019660e+000  1.5791357e+000  1.5474078e+000  1.5566383e+000  1.5316402e+000  1.5536076e+000 -4.6366335e-002  8.6439697e+000  1.0224195e-001  6.6151021e+003  1.4732741e+000
  2.2400000e+002  2.2170650e+001  1.1957820e+000  1.1694388e+000  1.2160546e+000  1.6158300e+000  1.7066658e+000  1.6553968e+000  1.6367790e+000  1.6866049e+000  1.7052877e+000  1.6552472e+000  1.6070378e+000  1.5677068e+000  1.5752363e+000  1.5773268e+000  1.5812826e+000  1.5847886e+000  1.5618168e+000  1.4791002e+000 -4.5556165e-002  8.5779838e+000  1.0635311e-001  6.2013018e+003  1.4467202e+000
  2.2500000e+002  7.0958000e+000  1.2173127e+000  1.1647918e+000  1.2370426e+000  1.3508803e+000  1.5961280e+000  1.7687721e+000  1.7939667e+000  1.8301359e+000  1.8236979e+000  1.8482596e+000  1.8487813e+000  1.8669079e+000  1.8441569e+000  1.8330303e+000  1.7933178e+000  1.7829195e+000  1.7469610e+000  1.8652495e+000 -6.7890588e-002  8.4831717e+000  9.5677030e-002  4.1917529e+003  1.5410107e+000
  2.2600000e+002  6.9153000e+000  1.2084199e+000  1.1927504e+000  1.2146900e+000  1.4332453e+000  1.6690214e+000  1.7987569e+000  1.8972240e+000  1.7884405e+000  1.7611227e+000  1.7709559e+000  1.7721731e+000  1.7665621e+000  1.7655666e+000  1.7579571e+000  1.7646465e+000  1.7977101e+000  1.8649378e+000  1.9543754e+000 -6.9441746e-002  8.5071326e+000  8.2954982e-002  4.0968098e+003  1.5424018e+000
  2.2700000e+002  7.3624500e+000  1.2235261e+000  1.2364612e+000  1.2288622e+000  1.3204370e+000  1.7037561e+000  1.7450836e+000  1.7636496e+000  1.8007084e+000  1.8504216e+000  1.8742318e+000  1.8964847e+000  1.8914196e+000  1.8652677e+000  1.8395075e+000  1.8345691e+000  1.8193263e+000  1.8672280e+000  1.9353768e+000 -7.3753701e-002  8.4913587e+000  8.2011451e-002  4.1148628e+003  1.5375193e+000
  6.4100000e+002  2.9134750e+001  1.3714390e+000  1.2640745e+000  1.5066989e+000  1.5741120e+000  1.6447395e+000  1.6329512e+000  1.6787719e+000  1.7230369e+000  1.7173155e+000  1.6884795e+000  1.7472675e+000  1.7570388e+000  1.7313421e+000  1.6945463e+000  1.6083777e+000  1.5850073e+000  1.6033616e+000  1.5916305e+000 -1.3508366e-002  8.6210877e+000  1.1066990e-001  4.4202949e+003  1.5814822e+000
  6.4200000e+002  3.4420000e+001  1.4408935e+000  1.3086434e+000  1.5453255e+000  1.6264660e+000  1.6715141e+000  1.6561214e+000  1.7245698e+000  1.7248375e+000  1.7447396e+000  1.7707127e+000  1.7103652e+000  1.6994268e+000  1.7028701e+000  1.6746488e+000  1.6301152e+000  1.6138564e+000  1.5889161e+000  1.6059385e+000 -2.9262302e-003  8.6480627e+000  1.1286910e-001  4.7389589e+003  1.5894516e+000
  6.4300000e+002  3.1835500e+001  1.3014785e+000  1.2441769e+000  1.2610422e+000  1.5255247e+000  1.7117088e+000  1.7400576e+000  1.7832807e+000  1.7619771e+000  1.7346497e+000  1.7754279e+000  1.7299033e+000  1.6579463e+000  1.6427250e+000  1.6782519e+000  1.6700840e+000  1.6514907e+000  1.6392762e+000  1.6849671e+000 -3.2148708e-002  8.6596051e+000  1.0925444e-001  5.7045732e+003  1.5469973e+000
  6.4400000e+002  4.0594450e+001  1.4009116e+000  1.2844584e+000  1.3030591e+000  1.2309546e+000  1.3456543e+000  1.5070474e+000  1.7373906e+000  1.7340110e+000  1.7324754e+000  1.6862916e+000  1.7060087e+000  1.7179518e+000  1.7628332e+000  1.7153996e+000  1.6205336e+000  1.5897572e+000  1.4934566e+000  1.5093832e+000 -4.6727177e-002  8.2095248e+000  9.8271242e-002  3.1693866e+003  1.4933600e+000
  6.4500000e+002  4.2030100e+001  1.4239002e+000  1.3317078e+000  1.2274582e+000  1.2495128e+000  1.3027135e+000  1.6733103e+000  1.8127371e+000  1.7804151e+000  1.7380718e+000  1.7105443e+000  1.6945979e+000  1.6481893e+000  1.5711413e+000  1.5253064e+000  1.4560401e+000  1.4696587e+000  1.4063218e+000  1.4626747e+000 -2.9944284e-002  8.1942427e+000  9.5292354e-002  4.2952506e+003  1.4624447e+000
  6.4600000e+002  3.7794450e+001  1.3327046e+000  1.3185563e+000  1.3049519e+000  1.3198812e+000  1.4024943e+000  1.6798027e+000  1.8261863e+000  1.8017201e+000  1.7493693e+000  1.6967046e+000  1.6855755e+000  1.6934909e+000  1.7085467e+000  1.7180825e+000  1.6610255e+000  1.5409385e+000  1.4571891e+000  1.4218890e+000 -4.7158945e-002  8.2318566e+000  9.3856623e-002  3.2774013e+003  1.4902289e+000
  6.4700000e+002  4.1510550e+001  1.3785803e+000  1.3548763e+000  1.3916891e+000  1.3877978e+000  1.7131384e+000  1.8017323e+000  1.7773977e+000  1.7779862e+000  1.7728794e+000  1.7309269e+000  1.7472930e+000  1.7255548e+000  1.7044524e+000  1.6490427e+000  1.5724097e+000  1.4548832e+000  1.4289987e+000  1.4484186e+000 -2.9372034e-002  8.3027469e+000  9.7157973e-002  2.4516159e+003  1.5394262e+000
  7.2600000e+002  8.4645800e+001  1.3844203e+000  1.3879453e+000  1.3484067e+000  1.3963116e+000  1.3995125e+000  1.4257947e+000  1.4110318e+000  1.4161592e+000  1.3535521e+000  1.3398721e+000  1.3840702e+000  1.3568547e+000  1.3459611e+000  1.4085653e+000  1.4108452e+000  1.4147528e+000  1.3945177e+000  1.4922728e+000 -3.4954604e-002  8.0696506e+000  2.0526291e-001  7.9270389e+003  1.3378513e+000
  7.2700000e+002  6.1164200e+001  1.2630106e+000  1.2101370e+000  1.4921530e+000  1.6028127e+000  1.5904181e+000  1.5747428e+000  1.5595698e+000  1.5457857e+000  1.5594159e+000  1.4642717e+000  1.4277254e+000  1.3379630e+000  1.3189545e+000  1.2903071e+000  1.1919207e+000  1.1614033e+000  1.1656767e+000  1.3807151e+000 -2.8615046e-002  8.2532297e+000  1.7073990e-001  7.7191442e+003  1.3332851e+000
  7.3200000e+002  8.7012700e+001  1.3877213e+000  1.3276846e+000  1.3221639e+000  1.4418729e+000  1.4439176e+000  1.3341237e+000  1.5056889e+000  1.4034904e+000  1.4469890e+000  1.4501149e+000  1.4815709e+000  1.5232549e+000  1.5042680e+000  1.4423718e+000  1.3858363e+000  1.4779047e+000  1.4746273e+000  1.4949365e+000 -3.4627393e-002  8.0264569e+000  1.6514508e-001  6.6804016e+003  1.3834186e+000
  7.3300000e+002  7.8705600e+001  1.3857417e+000  1.2859403e+000  1.2400163e+000  1.4200251e+000  1.5182682e+000  1.5645267e+000  1.5564241e+000  1.5106119e+000  1.5229303e+000  1.5111806e+000  1.5003963e+000  1.4447246e+000  1.4900519e+000  1.3896963e+000  1.3772274e+000  1.3765620e+000  1.3256558e+000  1.4669516e+000 -5.0034288e-002  8.0406283e+000  1.5279111e-001  5.8220853e+003  1.3865426e+000
  9.8300000e+002  5.9242000e+001  1.3898099e+000  1.2993748e+000  1.3051934e+000  1.2771642e+000  1.2620612e+000  1.3727553e+000  1.5443419e+000  1.7093865e+000  1.6828330e+000  1.6177465e+000  1.5885081e+000  1.5176849e+000  1.4387741e+000  1.4487919e+000  1.4750127e+000  1.5386273e+000  1.4615265e+000  1.4606965e+000 -4.4955683e-002  8.0330746e+000  1.5058508e-001  5.6135952e+003  1.3920215e+000
  9.8400000e+002  4.9541600e+001  1.3512251e+000  1.2848899e+000  1.2749385e+000  1.2964941e+000  1.3525867e+000  1.5157707e+000  1.6733037e+000  1.7171388e+000  1.6701610e+000  1.6950685e+000  1.6703850e+000  1.6075774e+000  1.5329211e+000  1.4702729e+000  1.4563751e+000  1.5078061e+000  1.5801928e+000  1.5897735e+000 -3.9379325e-002  8.1272543e+000  1.2806449e-001  4.1025566e+003  1.4310236e+000
  9.8500000e+002  5.2284100e+001  1.3120846e+000  1.2408118e+000  1.3664620e+000  1.6434799e+000  1.6978658e+000  1.7196539e+000  1.6823152e+000  1.6396952e+000  1.6441508e+000  1.6464440e+000  1.6712769e+000  1.6539546e+000  1.6280857e+000  1.6227513e+000  1.6503524e+000  1.6025670e+000  1.5448045e+000  1.5308940e+000 -4.3459341e-002  8.4697897e+000  1.2435560e-001  5.0161607e+003  1.5138545e+000
  9.8600000e+002  5.9874900e+001  1.2700623e+000  1.2340457e+000  1.2176598e+000  1.3156146e+000  1.3775199e+000  1.6108595e+000  1.7242916e+000  1.7351715e+000  1.7065465e+000  1.6836718e+000  1.6729171e+000  1.6607758e+000  1.5963056e+000  1.5738182e+000  1.5342361e+000  1.6272322e+000  1.6812121e+000  1.7019671e+000 -4.0028124e-002  8.2563119e+000  1.2224044e-001  5.6491971e+003  1.4727032e+000
