20899230
20899362
20899416
20899518
20899604
20899670
20899739
20900561
20900634
20900691
20901015
20901166
20901210
20901250
20901259
20901290
20901369
20901387
20901544
20901608
20901693
20962443
20962447
20962466
20962485
20962585
20962654
20962677
20962685
20962749
20962908
20963071
20963309
20963625
20963844
20964054
20964084
20964102
20964150
20964351
20964471
20964518
20964571
20964706
20965055
20965075
20965155
20965312
20965640
20965673
20965697
20965939
20965981
20966092
20966288
20966546
20966632
20966815
20966965
20967401
20967653
20967783
20967978
20968004
20968043
20968303
20968353
20968436
20968564
20968637
20968766
20969122
20969333
20969641
20969690
20969694
20969823
20969834
20975577
20975727
20975758
20986852
20986958
20987015
20987246
21015648
21015656
21015779
21015861
21015887
21016203
21016488
21016779
21016783
21016833
21016878
21017143
21017387
21017531
21017556
21017584
21017677
21017994
21018121
21018746
21018754
21019040
21019228
21019363
21019457
21019479
21019535
21019629
21019633
21019645
21019649
21019663
21020101
21020168
21020254
21020360
21020394
21020504
21020828
21020960
21020995
21021161
21021292
21021296
21021315
21021362
21021395
21021667
21021703
21057195
21057213
21057244
21057349
21057958
21058128
21058271
21058344
21058379
21058650
21058877
21058909
21058934
21059071
21059168
21059281
21059468
21059788
21059854
21060571
21060897
21060930
21060997
21061303
21061866
21061977
21062046
21062221
21062226
21062493
21062581
21062690
21063023
21082011
21082246
21082349
21082473
21082661
21082802
21082815
21082849
21082880
21083017
21083134
21083206
21083272
21084048
21084084
21084350
21084370
21084423
21084466
21084536
21084575
21084995
21085012
21085032
21085574
21085707
21086040
21086146
21086184
21086232
21086464
21086633
21086656
21086918
21086981
21087068
21087092
21087118
21087261
21087580
21087644
21087872
21087992
21088077
21088082
21088122
21088247
21088344
21088356
21088531
21153214
21153259
21153367
21153879
21153911
21153948
21154005
21154170
21154172
21154192
21154227
21154242
21154355
21154401
21154772
21154896
21155096
21155100
21155414
21155739
21155863
21155891
21156407
21156443
21156532
21156717
21156822
21156982
21157134
21157155
21157629
21157741
21157778
21157788
21157796
21157949
21158160
21158419
21158696
21158892
21158987
21159006
21159095
21159244
21159517
21159657
21159686
21159972
21160195
21160216
21160419
21160428
21160497
21160540
21160754
21160779
21160800
21160816
21160835
21160868
21160944
21161420
21161653
21161690
21162141
21162269
21162572
21162756
21163032
21163318
21163320
21186932
21187038
21187072
21187498
21187714
21188069
21188169
21188726
21188854
21188995
21193038
21193074
21193589
21194554
21194598
21194983
21195054
21195185
